03215570111
03333208933
03365476555
03365476555
03333784977
03315456143
03315456143
03315456143
03315456143
03315456143
03335415562
03155102010
03155102010
03335629507, 03228570503
03216344832
03333555597
03336795206
03361789300
03335755607
03645146000
03215484586
03333090764
03123335923
03055989297
03015157031
03335515042
03415947058
03345393183
03365535157
03005140252
03365163625
03218150831
03365432304
03315959052
03336847314
03495180184
03465059668
03408889922
03155102010
03055154545
03219562224, 03108885580
03348259978
03215553113
03215570111
03215570111
03215570111
03215570111
03215570111
03346269035
03215570111
03123136888
03325497438
03215025695
03445043445
03376333376
03215228288
03215228288
03459591729
03125020001
03335491666
03325126398
03155190104
03439844284
03325848362
03215878488, 03219512759
03318172877
03165387871
03449113456
03315004846
03326912368
03155135129
03347118111
03335406173
03335406173
03125293904
03125293904
03335406173
03335406173
03335406173
03125293904
03215570111
03215570111
03215570111
03215570111
03467696798
03445823227
03333208933
03005990586
03125381072
03235311563
03237777117
03366900969
03366528621, 03347652704
03485889316
03360007011
03143200037
03346247688
03440661381
03365476555
03365476555
03229197999
03005026010
03068961502
03017653421
03015221522
03334737957
03215570111
03346269035
03346269035
03346269035
03330444244
03215959056
03330444244
03215570111
03215570111
03215570111
03215570111
03328565014
03315692491
03215074931
03367882245
03320510895
03365544339
03315202400
03335328988, 03215351162
03225204057
03333306962
03335212112
03335194454
03343865060
03335456996
03215230790
03129072324
03013004040
03314422121
03008447978
03015554404
03333640046
03345055001
03345570770
03328565014
03328565014
03328565014
03349789600
03349789600
03349789600
03349789600
03346269035
03215570111
03455226646
03346269035
03455226646
03361059131
03335666400, 03349557664
03170503883
03455193635
03335672846
03018226247, 03479509950
03335300524
03345740119
03006314652
03345149745
03333784977
03335321505
03130546221
03314448754
03009541446
03339664535
03102894858
03458889177
03335246271
03335492827
03339000577
03222222242
03465190334
03005274931
03335336745
03455226646
03455226646
03365476555
03365476555
03365476555
03215570111
03215570111
03009630000
03219719610, 03421118722
03219719610
03335163120, 03427878787
03339601048
03315026842
03439067879
03348716725
03335481367
03155105829
03159799937
03338889499
03325048925
03335711764
03105510710
03445009950
03339764976
03045411040
03441533517
03405735316
03455264604
03456867882
03337913731
03345289428
03215337459
03465853741
03365303969
03365093537
03215570111
03215570111
03215570111
03215570111
03346269035
03346269035
03215570111
03335406173
03215570111
03335406173
03335406173
03335406173
03315456143
03315456143
03315456143
03335149613
03315456143
03315456143
03452100000
03215353907
03335415562
03341755505
03137951810
03335556685
03155102010
03155102010
03155102010
03365476555
03365476555
03166899290
03105230337
03115577871
03115577871
03115577871
03115577871
03115577871
03115577871
03335406173
03335406173
03335406173
03335406173
03335406173
03335406173
03335406173
03335406173
03335406173
03346269035
03346269035
03335406173
03115577871
03115577871
03115577871
03115577871
03115577871
03115577871
03115577871
03115577871
03119588629
03336008361
03008353630
03325185867
03155102010
03155102010
03155102010
03155102010
03115355835
03125361563
03009820996
03365723669
03345048700
03105101046
03105101046
03105101046
03078908197
03335406173
03335406173
03335406173
03335406173
03335406173
03335406173
03055154545
03365565058
03109103136
03075044820
03329622264
03217932574
03365836460
03067679082
03477525253
03155102010
03009604559
03335314772, 03139041712
03101338143
03155102010
03445959907
03138590013
03455226646
03455226646
03455226646
03455226646
03138590013
03455226646
03138590013
03335021748
03335021748
03335021748
03335021748
03455226646
03335021748
03335021748
03105082158
03337433334
03464559413
03009541531
03005120476
03468743240
03318686807
03364663301
03215005436
03215005436
03047111173
03326363646
03369559485
03120034999
03325512709
03335355972
03459297024
03165777447
03330530757
03345474232
03455985080
03455224454, 03345224454
03335118094
03335475129
03215186106, 0515550821
03328533315
03335495637
03018597304
03075488156
03102715333
03315117860
03105533601
03219524962
03368161653
03355370270
03345257845
03002919641
03335528168
03333620032
03333106032
03215590930
03345452783, 03045018031
03135471072
03465051303
03218563000
03055154545
03165672390
03358365429
03215223623
03404571382
03055526588
03335274468
03335274468
03014040368
03365558889
03365558889
03365558889
03365558889
03365558889
03365558889
03365558889
03365558889
03365558889
03445600679
03445600679
03445600679
03445600679
03445600679
03445600679
03445600679
03445600679
03009737919
03333392555
03215221410
03125463381
03325759347
03005569996
03334416567
03159000443
03159000443
03005011875, 03005306180
03335700157
03365182626
03128484150
03128484150
03135023001
03314558322
03045263249
03335145324
03445333100
03219562224, 03108885580
03369233091
03334499108
03344440556
03008320800
03465026054
03315660251
03215230008
03005635131
03102544015
03445888538
03155463882
03335202420
03005120476
03325207107
03125052676
03315583013
03215567567, 03125567567
03445585555
03007415705
03445793937
03215143481
03335537782
03015551734
03329049889
03338788886
03335139123
03068490098
03333377247
03317421775, 03165003336
03345636665
03165066431
03335104001
03445525678
03455949221
03348681100
03352219207
03102232222
03008703981
03468862576
03145587999
03145804861
03335142942
03335142942
03335178450
03465552496
03215478078
03345518393
03215529359
03365333567
03358383081
03215087397
03325520803
03455188898
03340450005
03009382078
03009382078
03215087397
03225084969
03431445746
03348259978
03335151776
03335253271
03361549132
03335137047
03009508277
03458767672, 03235333363
03345209310
03345209310
03345209310
03345209310
03335154957
03165659125
03008883647, 03015144571
03465441318
03218555325
03218555325
03218555325
03215607580
03215607580
03335276867
03315540955
03215553113
03335584717
03165414044
03408118880
03345533555
03135748789
03464408813
03005188224, 03205669969
03325029150
03145243706
03339000245, 03325412020
03015316151
03214487731
03369506433
03361008683
03142908156, 03005353666
03335212370, 03335559025
03215351242
03344399760, 03008617517
03225554111
03236284609, 03455285644
03008617517
03365146631
03216210610
03334344002
03215570111
03215570111
03215570111
03215570111
03215570111
03346269035
03215570111
03070052724
03455226646
03438524311
03338546679
03318686807
03355140477, 03365203996
03215262786
03006122939
03006122939
03015619068
03004458772
03235334476
03155412318
03116606464
03315471617
03333000916
03335304143
03341149910
03209352072
03165066431
03235163874
03348532544
03335318597
03359354577
03345555964
03335538322
03229237514
03145195005
03009120538
03335333675
03335606326
03039431665
03337777290, 00971558881038
03354442444
03345364111
03315091723
03125523275
03335421567
03005017491
03008545630
03009120538
03201100246
03312944262
03245749032
03360001896
03335606326
03051196337
03051196337
03345512238
03215660857
03338551674
03335506946
03465332992
03335491666
03435111881
03005047905
03245401605
03000500426
03115917143
03455432889
03455432889
03338292678
03325058122
03005103124
03005365439
03335142639
03239623067
03331529787
03138992999
03009504104
03215578992
03465200212
03350529999
03347779084
03335294911
03335155954
03319420643
03005185776
03005185776
03336997210
03015788206
03336797301
03455255303
03006277778
03465330265
03040050100
03335519792
03455584851
03335048896, 03085059886
03335373821
03335406173
03332371477
03000577772
03334219021
03365544339
03401880980
03455083269
03335101981
03468998811
03115052068
03335192696
03363883357
03335205778
03463355882
03009544035
03465826947
03425199464
03005311143
03005198718
03445507785
03365005786
03005100279
03325167922
03215032254
03335374923
03235478856
03329352047
03315145105
03125768981
03369963471
03235346861
03335406173
03125293904
03125293904
03335406173
03335406173
03335406173
03125293904
03335021748
03335021748
03455226646
03455226646
03455226646
03455226646
03455226646
03235391133
03455226646
03349789600
03349789600
03349789600
03349789600
03333453860
03465001235
03349789600
03349789600
03349789600
03349789600
03215570111
03215570111
03215570111
03215570111
03215570111
03346269035
03346269035
03346269035
03366111784
03215194688, 03455880320
03005112485
03015488184
03360502939
03453902636
03345152780
03339076978
03335357298
03142153537
03330444244
03215959056
03330444244
03215178405
03335021748
03335021748
03335021748
03335450543
03009540732
03330444244
03330444244
03330444244
03330444244, 03335306130
03330444244
03129485869
03041504119
03249171717
03335616268
03335616268
03160535848
03125157639
03215570111
03125641475
03215570111
03215570111
03215570111
03445980234
03325171845
03110570040
03245476733
03335683753
03466333356
03215844298
03125477939
03369964169
03469000066
03455639646
03351998494
03455566900, 0514421137
03435835355
03435835355
03435835355
03435835355
03435835355
03435835355
03435835355
03435835355
03435835355
03435835355
03435835355
03025262788
03075415505
03005195719
03335132347
03335101640
03338292678
03338292678
03335221375
03214841336
03315054547
03335266609
03325999313
03368788689
03215854656
03015246330
03068965789
03365081482
03315160637
03125200176
03330269221
03334339338
03125270646
03435433462
03111506114
03129329959
03555723090
03015457191
03155102010
03328565014
03155102010
03328565014
03455560999
03328565014
03328565014
03328565014
03328565014
03235346861
03009749459
03215113722
03345362227
03335223656
03335095835
03328565014
03005359173
03430005646
03335070248
03340103465
03122061399
03008503550
03433355553
03215554491
03379214639
03315284229
03111549036
03035523572
03367788998
03429293800
03216201959
03325252770
03415000205
03008540158
03445980234
03105256964
03215827541
03025448959, 03462821675
03340804797
03145515191
03333250950
03006502062
03315143656
03145243645
03340534542
03145243645
03328565014
03328565014
03328565014
03328565014
03328565014
03328565014
03328565014
03328565014
03328565014
03328565014
03328565014
03328565014
03328565014
03328565014
03328565014
03328565014
03328565014
03328565014
03330444244
03330444244
03328565014
03330444244
03330444244
03330444244
03330444244
03330444244
03330444244
03330444244
03330444244
03330444244
03330444244
03330444244
03330444244
03330444244
03166003436
03330444244
03349789600
03330444244
03349789600
03349789600
03349789600
03330444244
03349789600
03349789600
03349789600
03349789600
03349789600
03349789600
03346269035
03346269035
03346269035
03215570111
03455226646
03455226646
03455226646
03346269035
03346269035
03348259978
03348259978
03155102010
03155102010
03155102010
03155102010
03155102010
03348259978
03155102010
03365522230
03005552828
03005552828
03009888829
03076660636
03215051082
03465529733, 03165276116
03455244588
03200553447
03111666836
03345343551
03328566433
03125050315
03007455703
03135932523
03219582041
03219582041
03139541241
03320599513
03335536595
03365666395
03335278643
03025297758
03459141949
03111847004
03008553028
03009509799, 03315081178
03009632862
03215959056
03330444244
03215959056
03325212096
03325212096
03325212096
03325212096
03330444244
03325212096
03330444244
03215959056
03330444244
03330444244
03330444244
03330444244
03330444244
03455226646
03455226646
03455226646
03425062911
03325818585
03145166527
03004136872
03365476555
03365476555
03365476555
03004308969
03004308969
03365476555
03365476555
03365476555
03365476555
03335061002
03012340180
03353691037
03328033200
03337877860
03215556869
03009787055
03455057725
03004305917
03125543111
03215370737
03045585782
03125221664
03005555254
03335403814
03018502131
03215201513
03408889922
03455889912
03340119977
03339079977
03330444244
03219556016
03455224527
03009807083
03335753733
03045588941
03315313225
03335021748
03335021748
03137933304
03009105899
03465372620
03009557896
03344326166
03323148523
03335232421
03315074076
03335139712
03335104073
03215570111
03215570111
03009630000
03369907661
03015571192
03348988136
03115139102
03315133876
03315695039
03459172292
03314448754
03315257605
03335039302
03025336464
03155500012
03335174716
03335315311
03368310481
03005947516
03225832522, 03349573629
03238557232
03005635131
03145101313
03225223146
03045233418
03215580858
03028429486
03216619535
03365421006
03160524860
03455343805
03005555624
03335525013
03335114954
03366655881
03315066966
03414618455
03165031005
03345051830
03225060459
03315747326
03215177556
03365164618
03238546918
03455343833
03215366950
03035440039
03135192215
03335225552
03335227722
03361118588
03332299146
03345088902
03345557262
03339739514
03135444934
03325188188
03325180643
03209790777
03115487621
03335524883
03215902899
03006122939
03455885667, 03006122939
03006122939
03006122939
03455885667, 03006122939
03135355080
03351599747
03332119800
03379860098
03335576576
03319976137
03028553504
03215635700
03355277598
03005383081
03335576576
03006122939
03006122939
03359977570
03005547153
03218538876
03015332733
03335448232
03455639646
03345533051
03230202024
03339131326
03335572323
03335671110
03365927767
03338595659
03315122927
03215120200
03219002099
03362055597
03345510717
03016547007
03333475333
03435397095
03105141628
03335556977
03218566856
03219719610, 03421118722
03219719610
03337778881
03455222946, 03330971709
03235507475
03465428641
03005119350
03355208507
03335794947
03455460088
03335204412
03219500290
03325130526, 03345130526
03233333768
03007070162
03365369580
03465372614
03345493038
03465140103
03425015010
03135034033
03235244472
03125058886
03035618402
03215535874
03365893551
03455189821
03348756945
03335445879
03025495773
03325546548, 03325451464
03328563232
03328563232
03335391728
03325451464
03335524883
03035048398
03335093220
03335368657
03379839987
03235505637
03170814608
03005172350
03205998999
03085280868
03455059733
03006122939
03315404881
03334966663
03355544073
03314298001
03339131326
03215263353
03005534236
03314331968
03315470091
03495175754
03419889866
03229260530
03245506580
03345004221
03345004221
03345004221
03355583699
03225052882
03235533225
03009191488
03331570498
03414196311
03337828769
03005198159
03440506585
03325246900
03005269201
03330444244
03335163120, 03427878787
03245229223
03315227161
03225314305
03325222521
03339601048
03325542106
03334171444
03129250800
03009191488
03000600008
03135959169
03361015724
03335141601
03454791802
03066811161
03045220282
03310065666
03125925622
03005172440
03365616171
03005135700
03365266366
03125096437
03339315810
03115894819
03325220650
03215517237
03445161030
03331458800
03320280138
03005171722
03330444244
03330444244
03330444244
03330444244
03330444244
03330444244
03330444244
03330444244
03330444244
03330444244
03330444244
03330444244
03330444244
03330444244
03330444244
03330444244
03355799919
03349789600
03349789600
03349789600
03355799919
03349789600
03349789600
03349789600
03355799919
03355799919
03355799919
03355799919
03355799919
03355799919
03215570111
03215570111
03215570111
03215570111
03346269035
03346269035
03215570111
03335406173
03215570111
03335406173
03335406173
03335406173
03335406173
03335406173
03335406173
03335406173
03335406173
03335406173
03335406173
03335406173
03335406173
03346269035
03346269035
03335406173
03335406173
03455380532
03320599097
03325204733
03055206789
03338577788
03225025799
03365150627
03335109186
03135814433
03215042749
03335554294
03310065666
03125748482
03159251112
03009190675
03005806385
03005563984
03348537829
03445050876
03366420420
03445151951
03215154248
03365783383
03455206935
03335760351
03455911720
03455911720
03008503032
03465325501
03325353442
03123107556
03028933824
03135442304
03215576284
03355583511
03334076104
03035533553
03325436355
03045235272
03005108181
03132100280
03239733152
03341525177
03135083010
03005672828
03222151617
03005108181
03345165594
03335204140
03215469200
03045183916
03215205678
03025144341
03228525845
03345051199
03125293323
03135229011
03328597879
03075100098
03035949700
03076884192
03225042935
03065211896
03165068228
03215009996
03145101187
03125615111
03376066661
03005278206
03005528563
03379233489
03353533369
03068800007
03315226665
03335291297
03335274262
03102493987
03325310678
03008502098
03339496505
03315777803
03465092012, 03315563779
03120034999
03005274107
03364000014
03219500059
03125205727
03214590051
03013839739
03335450944
03365226002
03335257559
03465354255
03377177704
03041551522
03155167803
03335345338
03005168586
03319996998
03430333300
03009746100
03017648422
03013027056
03128045045
03335406173
03335406173
03335406173
03335406173
03335406173
03121529289
03214174167
03007070162
03315517076
03178361722
03005013521
03214080455
03005038154
03005128620
03065773231
03335228758, 03442770526
03435817439
03405849101
03215645942
03125333576
03335067815
03315300225
03365430674
03359633201
03005525911
03115644462
03009555505
03365343666
03455548154
03025197977
03345911551
03335122208
03329057971
03329057971
03165659125
03165659125
03165659125
03353232302
03477453223
03009127146
03125249880
03325425633
03000998778
03485321032
03465023425
03335715353
03314839694
03015787212
03455245393
03455245393, 03435267889
03335103978
03315104868
03237777717
03156500221
03485214814
03335155630
03325241447
03217355091
03205000068
03045145064
03155511388
03215305334
03322022233
03348558555
03465125512
03225127475
03215578227
03455169449
03110009100
03075120137
03115257424
03345044270
03215704046
03345044270
03358020970
03005120476
03100970749
03009761848
03006122939
03345563678
03005302036
03000555855
03458508500
03002797979
03367770246
03445550823
03462670438
03325222187
03481895158
03325520803
03003548955
03355066607
03002029919
03488278596
03208823868
03005400635
03345494575
03341106030
03155175235
03155175235
03145358593
03005225109
03332626269
03335293489
03335308404
03125260567
03465325501
03155067891
03335448171
03216736787
03205000661
03458201083
03316900053
03205060864
03338802888
03325752156
03337778610
03360362525
03475360078
03335231541
03335999337
03435171047
03325169816
03215555151
03335124177
03335596115
03425317667
03359046049
03405119205
03005552344
03219531445
03120530498
03005330555
03009630039
03361005300
03365800097
03465333223
03345295234
03345066475
03365303032
03216144335
03325534200
03455222199
03338555158
03005072919
03335248793
03113374777
03105141141
03369093176
03344681962
03335205778
03175079515
03005884488
03335387416
03122228020
03315273334
03345202096
03039222490
03125488990
03454306215
03005811125
03339683648
03329446863
03155994312
03125480214
03335108849
03339890830
03445497613
03335285639
03454550043
03415225974
03125138145
03345021577, 03009101012
03342442555
03218137785
03125590973
03125590973
03335538155
03345407287
03364125797
03315000904
03215105550, 03355105552
03005137350
03111234015
03348716332
03215872143
03335225619
03229387855
03333777175
03045512068
03004805041
03215829169
03335347488
03365580483
03125590973
03335037809
03368788689
03028568880
03315005041
03117249630
03070511833
03329117308
03214165175
03335037809
03327457013
03335527274
03455502504
03335116373
03456453330
03155157842
03215338899
03215314421
03465365633
03365580860
03335255201
03149296727, 03345181237
03325021569
03025222733
03087770551
03455460518
03008502101
03009813795
03334048351
03445525232
03315512342
03215019053
03212216014
03454459187
03405333100
03330330039
03215366950
03475286038
03248543677
03235150043
03335376055
03125222361, 03000561878
03444020202
03444020202
03455208987
03365051043
03401552574
03155800048
03012047243
03056905338
03325720633
03374662233
03315125202
03028989689
03218652655
03435109109
03463317359
03365007281
03225322430
03135220494
03225322430
03015019359
03035215118
03120502020
03330941039
03165414636
03040921390, 03005541899
03338224847
03015242777
03335333356
03139885451
03059922731
03345005192
03465054828
03004888824
03335723872
03334914222
03358027647
03215196657
03469522567
03125133311
03215574339
03215574339
03365000687
03065233227
03315160854
03155103955
03315220927
03325584529
03334243641
03319980649
03315676694
03335141855, 03135112045
03125000706
03215100635
03458551177
03445121939
03351900567
03242288434
03351905421
03144440007
03412122226
03228585056
03105628369
03335087510
03135444710
03135342929
03339076978
03062260150
03062260150
03335221914
03325163803
03205068742
03459717219
03135831547
03453184497
03009544959
03364200004
03319309157
03005078550
03345036894
03215192651
03363000076
03335198153
03340009666
03311111786
03345339220
03125138145
03149512752
03430000444, 03215394443
03333000089
03212501987
03455117006
03365758644
03159279575
03345877143
03335102037
03003370749
03345181429
03035888858
03125480213
03145423394
03145423394
03165142676
03325130201
03335528889
03215217378
03335245389
03455177288
03345281639
03345281639
03120677703
03135400493
03212617130
03315153355
03325853732
03215295490
03005886071
03455222779
03325464577
03335092225
03335539303
03215660499
03132222227
03339554576
03135093509
03125493953
03100978292
03245003907
03105029787
03004805041
03365239747
03211005577
03335267214
03005269031
03205201919, 03326427779
03335568556
03215128550
03365299589
03335709264
03331942207
03084808511
03005232663
03135160243
03219594896
03465380401
03490569418
03218561185
03055557727
03142600040
03355315973
03425063009
03009887288
03465944727
03455786860
03225120722
03479631352
03410011394
03155678356
03329262382
03155599917
03125693340
03455391621
03165200856
03086272211
03465419800
03005103309
03145166527
03009852538
03454355533
03335293709
03135159511, 03216708144
03485040406
03125806956
03102894858
03339747070
03215506333
03115069339
03121000666
03135999050
03330325142
03125848480
03058541023, 03005909100
03105256964
03155508574
03315678393
03315279480
03368835358
03005554344
03360877789
03369884871
03315692903
03319040686
03135492577
03005902300
03488835530
03111593535
03324222484
03369355598
03465338553
03045934344
03335566445
03229237514
03039800008
03215167160, 03009557908
03357074400
03336774960
03335356977, 03005222272
03349937380
03365092365
03160050092
03355584647
03338507533
03455821986
03345305282
03425277467
03445066765
03006098287
03328597916
03215207114
03022332266
03012216225
03125265393
03161716837
03335501451
03455265212
03005274575
03145146170
03461460523
03215200499
03218546845
03325858699
03215566481
03027168007
03333000337
03333000337
03435804562
03215113818
03128816688
03498192816
03238556571
03335245304
03440551527
03348529161
03009719294
03365581441
03359844388
03361100828
03347891968
03361100828
03125379008
03337727477
03320599513
03325598508
03335293830
03005097050
03145515400
03339992611
03335536499
03335122390
03245192161
03312211181
03335464259
03335513554
03315692152
03335256598
03407952924
03457196221
03238328648
03449447624
03335291297
03369540216
03349931190
03455880608
03365093299
03135007870
03330335033
03445466125
03437754544
03356833386
03379829511
03118798505
03336877785
03339306313
03215512344
03325221410
03348379535
03212326271
03365194204
03330910121
03088999777
03219804952
03366262627
03226553637
03345130526
03235334035
03338362274
03235893523
03335270584
03110522377
03344441636
03115352740
03215112181
03455997664
03455991664
03325548972
03215570345
03355303428
03004802054, 03006122939
03362475921
03030567238
03439495123
03005506700
03335334420
03455343077
03455955669
03208823802
03225094009
03462821675, 03025448959
03065163084
03055154545
03325888616
03325355643
03006122939
03006122939
03340500214
03365194204
03135222853
03345903931
03351590288
03125047322
03335139501
03465044776
03495049664
03455232663
03104461795
03364663301
03315123815
03235109700
03015452493
03428081932
03155435167
03028550041
03215257272
03445053298
03335553531
03335523591
03451999998
03315542839
03335939796
03335939796
03485116927
03491517645
03463508509
03366665252
03345877143
03325155562
03435020907
03135300408
03055005184
03125496488
03345513519
03128999092
03458485506
03325223015
03202233767
03005168716
03455314833
03125661853
03205305180
03355857920
03355857920
03355857920
03235135013
03105084916
03361014122
03215851894
03128000731
03135232955
03005135494
03455394504
03002717007
03008559293
03358280207
03335197728
03426123257
03007154015
03125239653
03341525731
03315009865
03365581680
03455161760
03015028285
03133366609
03359138108
03335525013
03008330267
03352740326
03149542220
03325128928
03225510009
03133353523
03315217815
03455911424
03038777429
03005551314
03329554651
03045925473
03365847135
03005043057
03335768757
03335150522
03009836761
03335768757
03361538647
03465384553
03068800033
03335213936
03335187488
03406087663
03349991948
03315101801
03228502388
03345112115
03215976048
03337577577
03330510990
03061546003
03365165157
03233211111
03215522443
03480004446
03165418783
03315800708
03335269993
03005349486
03005349486
03320587440
03345270695, 03336311342
03335458514
03219565519
03450655559
03018565581
03235421326
03015210970
03085752575
03451001786
03335210671
03365033366
03171573065
03115557973
03455110190
03335499062
03455007935, 03332738929
03325775223
03455892643, 03215509125
03332183838
03114446668
03345189998
03315661246
03157255238
03361557143
03325666646
03009563777
03009560892
03328853665
03060055147
03316254587
03005360321
03488960284
03154411485
03365466678
03215044571
03215959056
03474111733
03353232302, 03165659125
03345469598
03353232302, 03165659125
03335137987, 03315314636
03325666444
03145191946
03345508005
03160086524
03455000877
03455000877
03335548138
03105285245
03125573937
03107744551
03005323451
03348253343
03215666699
03125223492
03005104829, 03455331199
03339077967
03445460102
03325239783
03245315289
03348866645
03329087743
03345560854
03325251116
03008883647
03008883647
03455642388
03025893009
03215510557
03225031508
03449454778
03165171923, 03335549203
03400555666
03335110687
03325418952
03215065071
03215124911
03435899957
03005101179
03167000899
03348028535
03318980550
03408936848
03426123257
03458682581
03005570955
03335581549
03335581549
03033470002
03333059119
03360575756
03361301304
03361301304
03316669666
03455080390
03455892078
03347206661
03215164612
03355123464
03005512239
03335200609
03009842865
03356520202
03335138721
03325839422, 0515152799
03338384609
03468585805
03335303009
03435509859
03435899957
03117205557
03345356714
03139096067
03458927497
03408444354, 03131313385
03335185483
03129411664
03125680874
03327735177
03215567375
03162211662
03245239218, 03365493024
03350444410
03009704600
03126395979
03015627372
03315112922
03016200238
03015508565
03365107623
03348604177
03325598778
03009759480
03335557737
03165202156
03055192365
03055192365
03165292966
03361888858
03087840346
03005341627
03005346573
03328906392
03119334442
03435839079
03335114173
03335375757
03245160477
03329446863
03325000117
03315239991
03008507236
03335151477
03318893331
03115257900
03060919818
03025985301
03335189018
03125255882
03339834719
03125048838
03335406173
03235741247
03009704600
03335510965
03338109219
03334446740
03135003536
03335600057
03455506465
03225183420
03315293096
03225260500
03004132126
03035660606
03338565671
03338565671
03338565671
03338565671
03338565671
03338565671
03338565671
03338565671
03456546882
03447666668
03447666668
03447666668
03115191836
03318544907
03127617788
03135515193
03218522995
03025156230
03445066014
03118528449
03325261133
03005081836
03345444372
03325242684
03329993316
03445544160
03349560456
03339500099
03415176223
03345413358
03332995770
03025586827
03005114056
03165189937
03005166364
03004812422
03215111501
03138668868
03332093842
03355591141
03334662387
03315135129
03100889957
03035596568
03125650570
03450929768
03005106059
03460662918
03325011112
03155110043
03025557148
03335246699
03346372908
03235671399
03455070928
03338304733
03115185755
03333300745
03212244425
03128688156, 03226912868
03009189262
03341168887
03325519032, 03338405693
03349553332
03455920360
03005287289
03215372616
03215624566
03315391159
03495039906
03425462878
03336241541
03365911156
03069103293
03123588000
03065407811
03149555592
03149555592
03149555592
03415000959
03415000959
03415000959
03415000959
03415000959
03415000959
03415000959
03119909840
03355955442
03335102830
03455479398, 03005544325
03318222289
03165549442
03325298238
03449399773
03350076507
03314451115
03085251538
03345143116
03337055454
03005139391, 03065631481
03335498499
03335182581
03355507638
03175090953
03009569742
03009557792
03486888889
03318187909
03165555888
03129385678
03005544325
03045739191
03334074112
03105393399
03455274537, 03005055238
03335693732
03000228870
03008811112
03135662829
03338761354
03145280497
03125544504
03481818813
03358343617
03313194824
03355518964
03235517366
03334074112
03343798763
03339161744
03340107933
03005366972
03030064576
03335115795
03335115795
03009866338
03335288784
03155519109
03005127488
03135266006
03352219207
03005339663
03365189968
03367774665
03379756284
03100577912
03485639079
03415942642
03355168136
03245050006
03335145923
03073073077
03215186766
03335000494
03009750330
03216210610
03165273058
03325721412
03335550348
03488478170
03155393796, 03335548590
03125443088
03145242898
03438785022
03320563177
03345461615
03315179027
03215201176
03000775844
03358011902
03315062680
03030592618
03337444005
03445181917
03352720786
03455241892
03075371980
03312493254
03009761848
03326020669
03138889488
03130501872
03365552312
03335702151
03000641669
03337222444
03175656461
03445525232
03335551815
03359138108
03479820482
03015159215
03335090877
03085227925
03434938944
03335135490
03215141251
03426777757
03122149320
03009852311
03445561091
03155002185
03336347868
03338300832
03338300832
03218508885, 03208508885
03008545097
03425918613
03336009718
03202086860
03005800245
03135330026
03328567963
03442077525
03005800245
03325449446
03335267984
03353026404
03215143269
03359847848
03315201296
03335460187
03345326002
03325246900
03055585975
03075800856
03110311441
03364444590
03315128188
03156699248
03005145945
03105329334
03105269375
03368819098
03455118964
03215021702
03335973108
03455083269
03215006666
03072250141
03325195156
03325134831
03165120866
03151129259
03135399829
03455083643
03455083643
03455083643
03455083643
03315314547
03431726923
03125560296
03335155534
03316740532
03488188858
03365314965
03171544733
03405104613
03425620105
03215062971
03335445878
03008883647
03211111084
03161520596
03455388112, 03369801868
03369209335
03442077525
03215399208
03111151111
03218710404
03129753244
03445082077, 03044402044
03215353907
03458560411
03215335755
03135436026
03435690929
03125134077
03115235201
03455534726
03465419800
03349751500
03009404456
03005322377
03335504627
03005323144
03337811028
03335772988
03365020963
03135522521
03005165654
03369595953
03005014199
03345253995
03215199300
03235599356
03174214346
03127868182
03335573296
03125725067
03125725067
03365097489
03336159990, 03215159990
03335304983
03235679995
03145118092
03445121939
03335160724
03105344575
03462821675, 03025448959
03335222782, 03015138111
03214050544
03150101765
03355470277
03225522735
03045341118
03135051434
03009811106
03358343617
03335382892
03315477746
03345258123
03335195156
03245225172
03219553566
03335210174
03125620172
03345451282
03315692976
03005121316
03215824867
03075526930
03365504436
03118625777
03070997287
03435127379
03335587908
03335339994
03005182005, 03205728877
03226190102
03355500065
03025239999
03335181001
03335333098
03215311133
03135625010
03349988758
03459717221
03215008423
03335687437
03355591141
03355788891
03335548933
03033816657
03008569958
03335191045
03342881952
03318111315
03318111315
03454926166
03335691516
03346464180
03345388188
03315724956
03028540475
03365114869
03074601696
03129964242
03335210174
03215211059
03205517625
03211008801
03005555011
03330514446
03055550335
03322543955
03215147850
03425590206
03418919989
03145835708
03345162586
03155184898
03339522292
03005218030
03165342081
03229197999
03229197999
03419444000
03335102830
03005286466
03137966802
03005009377
03341760286
03455124039
03465356295
03365396878
03215005126
03345407131
03332169110
03368317784
03005537715
03015546739
03007361704
03009550011
03005563554
03077789978
03331539329
03335474560
03040570394
03345532552
03348961604
03161578880
03445157838
03445417072
03215248725
03060989565
03455366977
03455507776
03225707137
03343377764
03165163139
03005281446
03330333246
03335230143
03225081204
03349917221
03335751148
03335501152
03335998222
03465744267
03130004000
03365403222
03015013435
03345888325
03345465525
03335458514
03005148123
03345425814
03335823906
03135039815
03335432175
03338557639
03338557639
03335740500
03015076701
03215128400
03335432175
03124223344
03335888030, 03005115762
03335118833
03145186588
03325580349
03327006995
03217107407
03005276394
03456793294
03335636531
03495049664
03236644125
03235200062
03335218056
03315954243
03335007576
03353832899
03115436543
03125442227
03335291297
03005348418
03135225000
03335142076
03355800074
03368899883
03326925000
03005158344
03125977915
03136951314
03339150716
03125568598
03335113975
03335007576
03335007576
03365100519
03115240001
03055622220
03085555007
03100970861
03211662277
03325859598
03449095559
03335606326
03342469592
03175453584
03358190104
03119595717
03465001235
03458541605
03455046313
03345118010
03005200867
03005200636
03146955042
03165644138
03315040701
03045934344
03355532216
03339228202
03009035441
03345211816
03455520002
03009560940
03315246918
03215211575
03009132829
03150521307
03045452083
03445566168
03145271527
03005128727
03200278899
03200278899
03200278899
03018803383
03045252057
03335441750
03315109901
03175079515
03222222248
03211234528
03005128727
03315658340
03329810111
03219592146
03345297962
03005177933
03345854879
03009541337
03006172173
03325545464
03009872280
03028171907
03335194442
03335129378
03215862650
03455489527
03000573357
03335304392
03125228496
03215301467
03335389466
03155234053
03155234503
03335777501
03005585414
03455072386
03341108619, 03455325686
03175115505
03219598503
03029399750
03005102261
03218546969
03325243107
03115940915
03445008906
03065160389, 03363170303
03125174488, 03235340340
03215101052
03008501849
03155595596
03335146802
03335187541
03015801663
03335594907
03409215142
03165167307
03445253960, 03499672589
03005583757
03165137521
03125050220
03117771791
03455224430
03005353666
03345170504
03335443667
03341529923
03089032079
03455091240
03149517902
03325252514
03335339219
03109060065
03315322111
03116888292
03215268408
03315022340
03325580349
03224146560
03465021065
03114129932
03405029838
03354033304, 03455914322
03068808081
03465108163
03175102120
03365243860
03215717853
03335108849
03367444479
03008523005
03455096630
03125416741
03101065826
03005578519
03158509005
03009549192
03405246873, 03205444944
03226659865
03125039797
03405785294
03215298402
03325122228
03155212124
03325345980
03455283951
03135327345
03122203337
03335288392
03360505280
03005315074
03335595020
03335595020
03339155626
03005003196
03035585896
03005248964
03408153305
03335556679
03217107407
03335233370
03455276223
03214686496
03455013950
03225068821
03345585551
03245353157
03125020378
03135330026
03315559177
03025371111
03235148644
03075777712
03345187555
03145356755
03218572641
03349111130
03405609849
03324111969
03405609849
03040154176
03455106886
03444707072
03006122939
03005060922
03335499062
03005817939
03215202200
03119595717
03455116439
03455119677
03369568626
03235679121
03325150616
03135170282
03135170282
03135170282
03340110176
03006122939
03040510543
03035871028
03006122939
03155333682
03405193880
03455070370
03005142524
03340546185
03465427542
03337219941
03035120495
03029227788
03335195599, 03215817123
03366761605
03219075703
03219075703
03219075703
03035004646
03465854161
03434800031
03165144680
03348643226
03218822559
03215282436
03008340403
03325720871
03005591255, 03335486482
03105400553
03005856786
03159171667
03215200286
03165569622
03335371800
03325296070
03345778815
03335479168
03125590973
03345073402
03365099799
03339466654
03205360033
03158888988
03335972754
03212119189, 03078127755
03328001704
03475008955
03215572591
03008559293
03335288562
03339466654
03135001243
03215115880
03153160619
03325180892
03334499108
03345438055, 03440544838
03316342266
03225073442, 03335224594
03325512709
03328563232
03325512709
03325512709
03217771978
03314553331
03135300864
03055553655
03235175114, 03475189498
03008540914, 03205669969
03325030160
03336625885
03009730073
03215305334
03008085806
03325242695
03149000622
03344888127
03455882032
03333833303
03009124442
03335230331
03340150615
03145259661
03355117888
03009703064
03365717867
03219788099
03009563668
03335270377
03009563668
03325388228
03333000916
03325030160
03335111600
03315356258
03215666699
03335770069
03455617487
03344933387
03125185948
03336000994
03107358400
03105101046
03105101046
03105101046
03105101046
03105101046
03105101046
03105101046
03105101046
03105101046
03007415705
03009563668
03009563668
03009563668
03009563668
03336625885
03335286010
03369789794
03105285245
03315356258
03005504419
03325109412
03435397095
03315354370
03315354370
03335274468
03335274468
03365558889
03365558889
03365558889
03365558889
03445600679
03345600679
03345600679
03009505605
03009505605
03009505605
03349898985
03349898985
03215221410
03215221410
03005569996
03005569996
03005569996
03005569996
03005569996
03345307897
03345307897
03345307897
03345307897
03345307897
03455893995
03455893995
03009835553
03128484150
03128484150
03009835553
03215128781
03455560999
03159841327
03455560999
03335105777
03115199485
03335274468
03335274468
03335274468
03335274468
03335274468
03335274468
03335274468
03335274468
03335274468
03335274468
03365558889
03365558889
03365558889
03365558889
03365558889
03365558889
03365558889
03365558889
03365558889
03365558889
03365558889
03365558889
03365558889
03365558889
03365558889
03365558889
03365558889
03445600679
03445600679
03445600679
03445600679
03445600679
03445600679
03445600679
03445600679
03445600679
03445600679
03445600679
03445600679
03445600679
03445600679
03445600679
03445600679
03445600679
03009505605
03009505605
03009505605
03009505605
03009505605
03009505605
03005392691
03349898985
03215221410
03215221410
03215221410
03215221410
03215221410
03215221410
03003666670
03005569996
03005569996
03005569996
03005569996
03005569996
03005569996
03005569996
03334416567
03455099566
03428882224
03365550021
03365550021
03365550021
03365550021
03365550021
03365550021
03365550021
03365550021
03225090416
03425135631
03009743338
03002797979
03007415705
03248543677
03345442411
03345545861
03340809590
03215087397
03215087397
03215087397
03215087397
03218566856
03009554856
03009554856
03145171817
03009554856
03009554856
03345209310
03145171817
03345209310
03345209310
03345209310
03345209310
03235021670
03235021670
03218555325
03235021670
03235021670
03215607580
03215607580
03005383081
03005383081
03005383081
03005383081
03005383081
03345307897
03345307897
03345307897
03345307897
03345307897
03345307897
03338888969
03335458358
03145171817
03145171817
03145171817
03145171817
03345209310
03345209310
03345209310
03345209310
03345209310
03345209310
03345209310
03345209310
03345209310
03345209310
03345209310
03345209310
03345209310
03345209310
03235021670
03235021670
03415400005
03218555325
03215607580
03215607580
03215607580
03215607580
03215252825
03215607580
03215607580
03215607580
03245487834
03360505003
03245008981
03215161280
03013000955
03460666685
03335321772
03335321772
03328184951
03360575756
03245005858
03015117821
03245749032
03351666111
03351666111
03351666111
03351666111
03351666111
03351666111
03365287601
03338292678
03368407812
03007070162
03368407812
03368407812
03455121725
03168811825
03085599779
03341990555
03448819554
03468555558
03336000994
03005172350
03145149607
03002797979
03002797979
03445532878
03104232555
03125120936
03336000994
03005635131
03358400985, 03315141149
03349557033
03125480388
03125480388
03125480388
03125480388
03135441808
03135441808
03429048033
03125480388
03125480388
03125480388
03125480388
03125480388
03125480388
03125480388
03125480388
03125480388
03005635131
03235327445
03000507734, 03155007745
03334416567
03334416567
03248541026
03335558807
03120000998
03005383119
03345360168
03009563668
03336655153
03435835355
03435835355
03435835355
03435835355
03435835355
03435835355
03335754654
03215259647
03314448754
03110506782
03405609849
03133289949
03405609849
03101217000
03101217000
03335554294
03335554294
03335554294
03335554294
03335554294
03355583699
03215757748
03355583699
03355583699
03355583699
03355583699
03355583699
03335989202
03335989202
03335989202
03335989202
03335989202
03335989202
03335989202
03335989202
03335989202
03335989202
03335989202
03355583699
03008546360
03401711079
03345363555
03335989202
03335989202
03335989202
03335989202
03335989202
03335989202
03005242531
03455226646
03335021748
03335021748
03235327445
03345475640
03238000072
03335787872
03425062911
03425062911
03425062911
03425062911
03425062911
03425062911
03425062911
03425062911
03425062911
03425062911
03425062911
03425062911
03425062911
03425062911
03215574339
03215574339
03005247836
03005247836
03005247836
03005247836
03005247836
03005247836
03005247836
03005247836
03005247836
03008563043
03344933387
03005009553
03359570112
03335356746
03465419800
03325231808
03325231808
03325231808
03009775077
03325223636
03335560508
03125554710
03035654089
03325589033
03105166607
03335773114
03215123444
03219564456
03215165006
03035511223
03335102037
03344933387
03455222946
03335367632
03345442028
03335109525
03000507734, 03155007745
03344933387
03135052247
03215095013
03215770082
03345654344
03367755573
03215161280
03369898102
03325223636
03335522130
03335522130
03335522130
03005383081
03005383081
03005383081
03005383081
03005383081
03005383081
03349898985
03215175144
03215912691
03336966779
03007070162
03335581549
03335274468
03335274468
03335522130
03335522130
03335522130
03335522130
03009505605
03335522130
03009505605
03009505605
03349898985
03345209310
03215221410
03345209310
03345209310
03345209310
03345209310
03345307897
03005383081
03005383081
03005383081
03005383081
03005383081
03005383081
03201100465
03355066777
03315201296, 03341990555
03425886000
03005172350
03360503086
03135222422
03025804818
03345004221
03345004221
03345004221
03345004221
03345004221
03345004221
03345004221
03345004221
03345004221
03355583699
03355583699
03355583699
03355583699
03355583699
03355583699
03355583699
03355583699
03355583699
03215522223
03325594087
03248543677
03415000959
03415000959
03345004221
03345004221
03345004221
03345004221
03345004221
03345004221
03345004221
03345004221
03345004221
03345004221
03125048838
03355583699
03335581549
03155051959
03335803549
03335803549
03125096437
03315400048
03335554294
03335554294
03335554294
03335554294
03165414636
03215362732
03335794947, 0515794948
03005672828
03009543839
03028569732
03336000994
03351666111
03351666111
03431726923
03360119603
03125252404
03362330336
03115175916
03340809590
03369903302
03009543120
03415000959
03415000959
03315125202
03315125202
03315125202
03315125202
03315125202
03125480388
03125480388
03013027056
03013027056
03013027056
03335554294
03335554294
03335554294
03475360078
03013027056
03013027056
03013027056
03125516088
03335257559
03333992929
03465206588
03348556500
03366667415
03135236382
03215231778
03325478747
03335115795
03335115795
03335115795
03335115795
03335115795
03335115795
03335115795
03335115795
03335115795
03335115795
03335257559
03245008981
03329057971
03335115795
03335115795
03335115795
03335115795
03335115795
03335115795
03335115795
03335115795
03335115795
03335115795
03335115795
03335115795
03335115795
03335115795
03335115795
03335115795
03335115795
03335115795
03335115795
03335115795
03335115795
03335115795
03335115795
03335115795
03335115795
03219540417
03335142439
03335142439
03215305334
03215959056
03215959056
03333888577
03333888577
03005960046
03222222248
03222222248
03222222248
03222222248
03222222248
03325594087
03125516088
03125516088
03048220117
03215574339
03215574339
03005247836
03005247836
03005247836
03005247836
03005247836
03005247836
03335375103
03215574339
03215574339
03215574339
03215574339
03355374004
03355374004
03355374004
03344933387
03355374004
03155104241
03105832550
03445600679
03325223636
03345156301
03009735369, 03149512649
03371711179
03339700000
03334501900
03336000994
03325132012
03219113636
03125201598
03335555404
03215114131
03355206454
03315539373
03155868883
03005544221
03215574339
03235300438
03315125202
03315125202
03232121217
03215574339
03169541125
03345429048
03325375351
03205360033
03057141414
03325223636
03225050300
03335230331
03215558524
03317466106
03400444445
03315125202
03315125202
03335556302
03327767752
03344933387
03340809590
03226000635
03125158942
03125232086
03365058144
03344933387
03344933387
03329262382
03339533600
03155596713
03212613893
03215165006
03009543839
03125412479
03345329734
03368379437
03215524606
03359138108
03005244761
03366677787
03315246050
03005124981
03119567878
03005082816
03320331109
03344933387
03344933387
03337966966
03325594087
03335075900
03009735369, 03149512649
03000507734
03000507734
03315666975, 03143137143
03339268470
03405609849
03425886000
03315692875
03335145566
03315267733
03455589389, 03455574448
03315748493
03149555592
03149555592
03335685468
03340809590
03115599916
03335356746
03215157015
03349515197
03335367632
03355374004
03065526810
03006416612
03215849196
03455000877
03455000877
03455000877
03455000877
03455000877
03455000877
03455000877
03455000877
03455000877
03455000877
03045946660
03075483406
03455000877
03455000877
03455000877
03455000877
03455000877
03335989202
03341015605
03004269505
03335432040
03361301304
03335303009
03335303009
03335303009
03335303009
03335303009
03315135480
03333111717
03219525554
03215141636
03008546360
03208586007
03208586007
03218522995
03338565671
03338565671
03338565671
03338565671
03338565671
03338565671
03338565671
03338565671
03338565671
03338565671
03338565671
03447666668
03447666668
03447666668
03447666668
03447666668
03447666668
03447666668
03447666668
03447666668
03447666668
03447666668
03365202160
03065354896
03201100465
03338300832
03335360582
03456968063
03495049664
03149555592
03149555592
03149555592
03335474400
03335474400
03338565671
03338565671
03338565671
03338565671
03338565671
03338565671
03325712898, 03205000073
03149555592
03149555592
03149555592
03149555592
03149555592
03149555592
03149555592
03149555592
03415000959
03415000959
03415000959
03415000959
03415000959
03415000959
03415000959
03415000959
03415000959
03325432122
03215529958
03329886336
03329886336
03329886336
03329886336
03335115795
03335115795
03335115795
03335115795
03335115795
03329886336
03329886336
03325223636
03325712898, 03205000073
03325223636
03455352309
03105832550
03365058144
03335560680
03459642630
03009191488
03145284456
03335448905
03455083643
03455083643
03455083643
03455083643
03455083643
03455083643
03455083643
03455083643
03455083643
03455083643
03455083643
03455083643
03335448905
03455083643
03455083643
03135402440
03455285592
03455285592
03338949438
03325223636
03005355890
03025371111
03245487834
03013000955
03208586007
03105025980
03105832550
03360520158
03325432122
03327767752
03002886621
03455333567
03335429139
03028666004
03325059630
03335751717
03009824911
03325223636
03325223636
03455095942
03455333567
03314950740
03009550911
03325223636
03325223636
03332666641
03330333117
03335007576
03355604430
03215666699
03009546932
03013000955
03005230713
03355374004
03200278899
03200278899
03200278899
03200278899
03200278899
03200278899
03222222248
03222222248
03222222248
03222222248
03330926211
03005139152
03346089525
03245008981
03101217000
03009548839
03215364993, 03215364992
03455333567
03325223636
03325223636
03215708218
03355374004
03355374004
03355374004
03315500030
03008364353
03325223636
03325223636
03219075703
03460666685
03335342350
03342222026
03219075703
03219075703
03219075703
03219075703
03219075703
03219075703
03219075703
03200278899
03110558553
03455322240
