3212231728
3322371150
3663185445
3454788304
3459721237
3454788304
3454788304
3362809945
3212772576
3362809945
3343293916
3362809945
3132626155
3362809945
3362809945
3022081007
3362809945
3132626155
3132626155
3002526051
3132626155
3132626155
3070088067
3332175511
3000797675
3132626155
3132626155
3132626155
3022081007
3000797675
3132626155
3132626155
3328222042
3132626155
3132626155
3101040819
3132626155
3022081007
3132626155
3132626155
3022081007
3132626155
3212135110
3132626155
3132626155
3353596658
3312014308
3132626155
3313161700
3132626155
3462018687
3312014308
3312014308
3132626155
3312014308
3313161700
3132626155
3312014308
3312014308
3312014308
3312014308
3312014308
3313161700
3312014308
3312014308
3312014308
3313161700
3362285477
3312014308
3312014308
3312014308
3312014308
3313525823
3312014308
3132626155
3312014308
3362285477
3313525823
3142990525
3312014308
3312014308
3362285477
3028514440
3212232364
3313525823
3000797675
3000797675
3312014308
3362285477
3313161700
3462018687
3122104405
3312014308
3007157967
3312014308
3313525823
3122104405
3323795476
3362285477
3212232364
3000797675
3462018687
3313525823
3351231699
3462018687
3313525823
3455531577
3312014308
3312014308
3332103614
3370390727
3002249760
3002249760
3005229261
3312014308
3028514440
3462001234
3312014308
3005229261
3212232364
3028514440
3312014308
3000365899
3328272946
3362899057
3342997195
3039102511
3000365899
3362899057
3331278659
3112814695
3002591740
3132650715
3039102511
3212232364
3333122235
3039102511
3039102511
3039102511
3000797675
3370390727
3455531577
3000797675
3212135110
3333122235
3039102511
3212040699
3039102511
3039102511
3212040699
3218289456
3212231728
3100094153
3100094153
3313523831
3100094153
3212666555
3100094153
3212040699
3072346686
3100094153
3433062229
3000726940
3238238219
3212040699
3408626437
3432216372
3332175458
3238238219
3332175458
3332175458
3212040699
3368817562
3332175458
3432595026
3454546156
3332201972
3002183634
3452013630
3422128880
3000219779
3338288378
3212040699
3343599277
3452013630
3462316066
3208260539
3070217911
3362899057
3212135110
3208260539
3434188848
3362899057
3208260539
3313598847
3362899057
3313523831
3000797675
3002222742
3368358178
3002222742
3002222742
3041835123
3002222742
3313523831
3368358178
3313523831
3041835123
3313523831
3368358178
3313523831
3312339239
3313523831
3368358178
3120278844
3368358178
3368358178
3368358178
3368358178
3368358178
3363463077
3063811408
3063811408
3063811408
3368282030
3201283599
3152168092
3152168092
3152168092
3152168092
3152168092
3152168092
3152168092
3022019530
3358301892
3463195906
3463195906
3333305785
3112142411
3112142411
3112142411
3112142411
3463195906
3112142411
3112142411
3112142411
3463195906
3112142411
3112142411
3101043430
3112142411
3452997383
3112142411
3101043430
3463195906
3343387859
3112142411
3343387859
3343387859
3343387859
3343387859
3343387859
3343387859
3343387859
3432689443
3155151196
3333787199
3332486140
3332486140
3212772576
3062597872
3062597872
3003748196
3463195906
3120200755
3002481382
3313523831
3032674520
3212500192
3331356734
3238238219
3100094153
3238238219
3238238219
3100094153
3238238219
3238238219
3343387859
3158594460
3002647567
3002647567
3343387859
3002670036
3343387859
3494516082
3132263707
3002670036
3318039642
3333115132
3212231728
3212231728
3212231728
3212231728
3337277888
3318051892
3342566460
3337277888
3343907237
3212231728
3067198403
3212231728
3212231728
3318039642
3212231728
3067198403
3156987062
3318039642
3212231728
3156987062
3212231728
3212231728
3212231728
3212231728
3332165233
3492597647
3000365899
3112075065
3352088551
3156987062
3156987062
3212231728
3000365899
3333122235
3333122235
3000365899
3000365899
3322371150
3009292708
3041835123
3322371150
3333122235
3000797675
3041835123
3222000759
3172122022
3313523831
3172122022
3313523831
3161621150
3322371150
3122239034
3172122022
3172122022
3322371150
3338923313
3342058589
3328215521
3313523831
3362568117
3331356734
3212144998
3458233222
3458233222
3458233222
3343627935
3458233222
3357002952
3368805271
3363463077
3454546156
3463186997
3361008786
3002249760
3322027795
3161621150
3433203040
3318039642
3362899057
3212135110
3369907188
3139202660
3358301892
3212660737
3342637806
3357002952
3357002952
3357002952
3336563735
3318039642
3331356734
3328224733
3454788304
3022380960
3411239993
3411239993
3357002952
3357002952
3032407284
3357002952
3212040699
3357002952
3357002952
3000797675
3120278844
3002961534
3357002952
3357002952
3212025143
3123397210
3002222742
3368508429
3352944406
3347000030
3347000030
3467796209
3132423062
3362220531
3242591143
3009244891
3362220531
3330374892
3362220531
3323057789
3330374892
3467796209
3330374892
3242591143
3242591143
3362220531
3242591143
3242591143
3242591143
3330374892
3232366043
3242591143
3332572489
3000797675
3242591143
3242591143
3242591143
3000797675
3242591143
3242591143
3242591143
3002591740
3368017307
3242591143
3433062229
3012539657
3452085348
3328224733
3312014308
3433062229
3462320681
3002591740
3331356734
3000219776
3022379057
3433062229
3312014308
3022379057
3022379057
3130122185
3368892931
3331356734
3212620076
3343387859
3343387859
3343387859
3343387859
3343387859
3343387859
3458899084
3000797675
3313523831
3313523831
3212040699
3362899057
3212040699
3338923313
3003777262
3000726940
3443637791
3214311961
3362899057
3208260539
3002988035
3212135110
3362899057
3443637791
3443637791
3002988035
3002257301
3332462946
3443637791
3443637791
3443637791
3357002952
3362899057
3002556218
3443637791
3000219779
3362899057
3100094153
3422128880
3208260539
3332392633
3432595026
3039102511
3166284363
3212135110
3212040699
3100094153
3039102511
3443637791
3039102511
3208260539
3100094153
3443637791
3039102511
3333207088
3313523831
3039102511
3443637791
3039102511
3443637791
3100094153
3443637791
3212040699
3443637791
3443637791
3443637791
3443637791
3443637791
3443637791
3472467403
3443637791
3443637791
3112814695
3039102511
3039102511
3002222742
3002222742
3002222742
3002222742
3330366948
3362251718
3330366948
3002222742
3362251718
3330366948
3212620076
3212620076
3212620076
3330366948
3212620076
3238238219
3212620076
3002593178
3313523831
3313523831
3012380150
3312421175
3012380150
3312421175
3343348184
3343348184
3343348184
3343348184
3343348184
3343348184
3022223639
3063811408
3063811408
3063811408
3222655864
3368445715
3368445715
3368445715
3452532006
3452532006
3452532006
3452532006
3363826617
3224038606
3452532006
3452532006
3118123670
3361027720
3323348112
3361027720
3118123670
3152329117
3368621855
3361027720
3138976422
3118123670
3368621855
3312670109
3312670109
3312670109
3312670109
3118123670
3223551732
3332829383
3312670109
3238238219
3337540599
3238238219
3312670109
3452087336
3312670109
3342058589
3312670109
3312670109
3337540599
3342058589
3337540599
3342058589
3432216372
3337540599
3337540599
3343416777
3360468000
3223551732
3338923313
3338923313
3003622012
3343806162
3343806162
3343806162
3338923313
3223551732
3343806162
3338923313
3343806162
3338923313
3343806162
3337540599
3223551732
3343806162
3337540599
3343806162
3347318060
3432216372
3343806162
3008870777
3053835082
3337540599
3223551732
3343806162
3343806162
3223551732
3432216372
3337540599
3343806162
3343806162
3351324520
3062597872
3008870777
3008870777
3337540599
3008870777
3062597872
3343806162
3312421175
3028931880
3008870777
3347318060
3337540599
3337540599
3342058589
3342058589
3342058589
3432216372
3342058589
3312421175
3342058589
3347318060
3342058589
3347318060
3432216372
3343806162
3343806162
3432216372
3343806162
3342058589
3211255891
3132239246
3333787199
3313523831
3242921687
3333948005
3333948005
3333948005
3333948005
3333948005
3012205457
3337540599
3313523831
3219433830
3003637382
3003637382
3012205457
3453323490
3003637382
3313523831
3212568258
3003748196
3463195906
3120200755
3002481382
3313523831
3032674520
3212500192
3331356734
3238238219
3100094153
3238238219
3238238219
3100094153
3238238219
3238238219
3158594460
3002647567
3002647567
3002670036
3494516082
3132263707
3002670036
3318039642
3333115132
3212231728
3212231728
3212231728
3212231728
3337277888
3318051892
3342566460
3337277888
3343907237
3212231728
3067198403
3212231728
3212231728
3318039642
3212231728
3067198403
3156987062
3318039642
3212231728
3156987062
3212231728
3212231728
3212231728
3212231728
3332165233
3000365899
3112075065
3352088551
3156987062
3156987062
3212231728
3000365899
3333122235
3333122235
3000365899
3000365899
3322371150
3009292708
3322371150
3333122235
3000797675
3172122022
3313523831
3172122022
3313523831
3161621150
3322371150
3122239034
3172122022
3172122022
3322371150
3338923313
3342058589
3328215521
3313523831
3362568117
3331356734
3212144998
3458233222
3458233222
3458233222
3343627935
3458233222
3368805271
3363463077
3454546156
3361008786
3002249760
3322027795
3161621150
3433203040
3318039642
3362899057
3212135110
3369907188
3139202660
3358301892
3212660737
3342637806
3336563735
3318039642
3331356734
3328224733
3454788304
3022380960
3411239993
3411239993
3357002952
3032407284
3357002952
3212040699
3357002952
3357002952
3357002952
3000797675
3120278844
3002961534
3357002952
3357002952
3212025143
3123397210
3002222742
3368508429
3352944406
3347000030
3347000030
3132423062
3362220531
3242591143
3009244891
3362220531
3330374892
3362220531
3323057789
3330374892
3330374892
3242591143
3242591143
3362220531
3242591143
3242591143
3242591143
3330374892
3232366043
3242591143
3332572489
3000797675
3242591143
3242591143
3242591143
3000797675
3312300962
3242591143
3242591143
3242591143
3002591740
3242591143
3433062229
3012539657
3452085348
3328224733
3312014308
3433062229
3462320681
3002591740
3331356734
3000219776
3022379057
3433062229
3312014308
3022379057
3022379057
3130122185
3368892931
3331356734
3212620076
3343387859
3458899084
3000797675
3313523831
3313523831
3212040699
3362899057
3212040699
3338923313
3000726940
3443637791
3214311961
3362899057
3208260539
3002988035
3212135110
3362899057
3443637791
3443637791
3002988035
3002257301
3332462946
3443637791
3443637791
3443637791
3357002952
3362899057
3002556218
3443637791
3000219779
3362899057
3100094153
3422128880
3208260539
3332392633
3432595026
3039102511
3166284363
3212135110
3212040699
3100094153
3039102511
3443637791
3039102511
3208260539
3100094153
3443637791
3039102511
3333207088
3313523831
3039102511
3443637791
3039102511
3443637791
3100094153
3443637791
3212040699
3443637791
3443637791
3443637791
3443637791
3443637791
3443637791
3472467403
3443637791
3443637791
3039102511
3039102511
3002222742
3002222742
3002222742
3002222742
3330366948
3362251718
3330366948
3002222742
3362251718
3330366948
3212620076
3212620076
3330366948
3212620076
3238238219
3212620076
3002593178
3313523831
3313523831
3012380150
3312421175
3012380150
3312421175
3343348184
3343348184
3343348184
3343348184
3343348184
3343348184
3022223639
3063811408
3063811408
3063811408
3222655864
3368445715
3368445715
3368445715
3363826617
3224038606
3118123670
3361027720
3323348112
3361027720
3118123670
3152329117
3368621855
3361027720
3138976422
3118123670
3368621855
3312670109
3312670109
3312670109
3312670109
3118123670
3223551732
3332829383
3312670109
3238238219
3238238219
3312670109
3452087336
3312670109
3342058589
3312670109
3312670109
3342058589
3342058589
3432216372
3343416777
3360468000
3223551732
3338923313
3338923313
3003622012
3343806162
3343806162
3343806162
3338923313
3223551732
3343806162
3338923313
3343806162
3338923313
3343806162
3223551732
3343806162
3343806162
3347318060
3432216372
3343806162
3008870777
3053835082
3223551732
3343806162
3343806162
3223551732
3432216372
3343806162
3343806162
3062597872
3008870777
3008870777
3337540599
3008870777
3062597872
3343806162
3312421175
3028931880
3008870777
3347318060
3342058589
3342058589
3342058589
3432216372
3342058589
3312421175
3342058589
3347318060
3342058589
3347318060
3432216372
3343806162
3343806162
3432216372
3343806162
3342058589
3132239246
3333787199
3313523831
3242921687
3333948005
3333948005
3333948005
3333948005
3333948005
3012205457
3313523831
3219433830
3003637382
3003637382
3012205457
3453323490
3003637382
3313523831
3242921687
3333948005
3333948005
3333948005
3333948005
3333948005
3012205457
3313523831
3219433830
3003637382
3003637382
3012205457
3453323490
3003637382
3313523831
3212568258
3219433830
3313523831
3313523831
3337572605
3343416777
3327699674
3343416777
3032424818
3003571241
3218798092
3032424818
3003571241
3058643122
3032424818
3003571241
3218281234
3039102511
3039102511
3039102511
3312421175
3312421175
3039102511
3249090700
3039102511
3039102511
3039102511
3158238911
3358301892
3332104896
3161621150
3008956055
3161621150
3363463077
3002737198
3012205457
3212620076
3212620076
3338212345
3338212345
3008511249
3327291881
3122800707
3363463077
3212297437
3363012476
3363012476
3002861579
3363012476
3212297437
3212297437
3212297437
3212297437
3212297437
3357002952
3357002952
3002861579
3000797675
3343387859
3363012476
3363012476
3330240180
3363012476
3330240180
3330240180
3132417899
3363012476
3322409255
3132417899
3363012476
3363012476
3000797675
3330240180
3000797675
3363012476
3351231699
3132417899
3132417899
3132417899
3332279189
3363631137
3340394225
3132417899
3000797675
3022379057
3022379057
3022379057
3336563735
3122575129
3063811408
3212505958
3063811408
3063811408
3358301892
3130122185
3063811408
3331371187
3166284363
3422128880
3000219779
3432595026
3130122185
3363463077
3003637382
3432513451
3062597872
3335701718
3045111179
3008990058
3008990058
3045111179
3002183988
3232807699
3000797675
3222922352
3000797675
3003943390
3000797675
3212010384
3337770237
3337770237
3337770237
3337770237
3337770237
3337770237
3087666220
3212666555
3008990058
3005229261
3337770237
3362338325
3337770237
3101043430
3337770237
3333545221
3357002952
3337770237
3337770237
3101043430
3212135110
3337770237
3242238875
3362062238
3142236229
3352677678
3101043430
3000797675
3362899057
3100094153
3362899057
3352677678
3208260539
3363407987
3100094153
3100094153
3362062238
3028514440
3310352680
3142986214
3028514440
3100094153
3032435247
3100094153
3003777262
3028514440
3003777262
3355021155
3362062238
3028514440
3028514440
3310352680
3003777262
3028514440
3362062238
3357002952
3357002952
3357002952
3362899057
3362062238
3357002952
3357002952
3362062238
3362062238
3212135110
3009274942
3212135110
3032925009
3208260539
3208260539
3357002952
3362062238
3310352680
3362899057
3357002952
3357002952
3357002952
3357002952
3000797675
3212466406
3357002952
3212466406
3212466406
3212466406
3212466406
3212466406
3212466406
3357002952
3212466406
3212466406
3212466406
3212466406
3212466406
3212466406
3212466406
3212466406
3333526509
3212466406
3212466406
3443637791
3212466406
3009244891
3212466406
3212466406
3212466406
3212466406
3443637791
3212466406
3212466406
3212466406
3212466406
3212466406
3212466406
3212466406
3212466406
3443637791
3003558327
3212466406
3212466406
3002222742
3212466406
3212466406
3212466406
3002222742
3212466406
3212466406
3212466406
3212466406
3212466406
3443637791
3212466406
3002222742
3018441974
3002222742
3002861579
3212466406
3212466406
3212466406
3002222742
3002222742
3002222742
3002222742
3042311006
3002222742
3313710484
3361010222
3361010222
3361010222
3132417899
3333008607
3363463077
3029700866
3029700866
3029700866
3029700866
3333008607
3363463077
3333008607
3333008607
3333008607
3029700866
3333008607
3029700866
3029700866
3113886781
3052391489
3029700866
3029700866
3113886781
3029700866
3029700866
3368445715
3029700866
3333420599
3312421175
3368445715
3029700866
3368445715
3312421175
3312421175
3362059707
3312268497
3111058895
3111058895
3362059707
3111058895
3312421175
3111058895
3312421175
3312421175
3111058895
3111058895
3362059707
3111058895
3111058895
3312421175
3362059707
3111058895
3111058895
3212500192
3212500192
3212500192
3212500192
3212500192
3362059707
3212500192
3212500192
3009278589
3111058895
3212500192
3362059707
3212500192
3362173108
3212500192
3212500192
3212500192
3212500192
3212500192
3212500192
3212500192
3212500192
3111058895
3212500192
3212500192
3212500192
3212500192
3212500192
3111058895
3111058895
3111058895
3212500192
3212500192
3212500192
3009278589
3212500192
3212500192
3212500192
3212500192
3009278589
3212500192
3212500192
3009278589
3212500192
3212500192
3212500192
3009278589
3212500192
3212500192
3111058895
3212500192
3313598847
3212500192
3212500192
3313598847
3009278589
3212500192
3003637382
3212500192
3313598847
3212500192
3003637382
3212500192
3003637382
3212500192
3423520401
3223616982
3212500192
3003637382
3423520401
3003637382
3003637382
3462018862
3003637382
3350364090
3003637382
3003637382
3212297437
3110257387
3161621150
3343387859
3102793323
3161621150
3212297437
3022379057
3161621150
3161621150
3212655839
3170229978
3002281868
3002281868
3363297108
3433062229
3002983092
3002861579
3458227601
3453174611
3357002952
3318039642
3212070818
3313523831
3458281631
3452085348
3313523831
3082323279
3377177110
3342113661
3128522188
3058643122
3238238219
3100094153
3100094153
3343191838
3238238219
3343387859
3452085348
3003500777
3128522188
3442485141
3002781467
3238238219
3212997366
3212997366
3212997366
3212997366
3042311006
3212997366
3333708077
3333708077
3357002952
3212147930
3002249760
3002733873
3336563735
3100094153
3322371150
3342155838
3313161700
3342550885
3233355584
3052751807
3352868626
3000797675
3202202253
3052751807
3000797675
3052751807
3343459894
3208216813
3062597872
3062597872
3209299030
3000797675
3318039642
3438091267
3209299030
3331356734
3357002952
3318039642
3357002952
3357002952
3454788304
3357002952
3357002952
3331356734
3454788304
3454788304
3370390727
3152329117
3332601938
3458233222
3454788304
3458233222
3113277369
3454788304
3000797675
3332262124
3332827091
3000797675
3328224733
3002249760
3000797675
3005341625
3208260539
3312421175
3000797675
3343293916
3370390727
3462825393
3370390727
3462825393
3338923313
3454788304
3312226965
3462825393
3123894221
3312226965
3454788304
3370390727
3454788304
3312226965
3454788304
3454788304
3318371144
3312226965
3370390727
3454788304
3454788304
3454788304
3062435153
3454788304
3328224733
3042018589
3357002952
3357002952
3454788304
3062435153
3454788304
3162308757
3454788304
3454788304
3002861579
3008990058
3008990058
3455531577
3370390727
3310358546
3008990058
3342178680
3332926296
3212135110
3222922352
3452533184
3332926296
3332926296
3341211448
3312014308
3332262124
3313161700
3332926296
3332262124
3312014308
3332926296
3332262124
3332926296
3332926296
3312014308
3313161700
3212135110
3332262124
3332262124
3368805271
3332926296
3370390727
3313161700
3368805271
3368805271
3332926296
3368805271
3208260539
3332926296
3332926296
3332926296
3332926296
3368805271
3368805271
3332926296
3332926296
3070227967
3022379057
3232366043
3332926296
3332262124
3368805271
3368805271
3212135110
3022379057
3362899057
3232366043
3232366043
3070227967
3357002952
3232366043
3357002952
3002536957
3208260539
3232366043
3000219779
3166284363
3342056658
3003777262
3325371057
3003777262
3039102511
3002222742
3362899057
3212135110
3411210000
3208260539
3003777262
3039102511
3332379222
3332379222
3212771875
3039102511
3039102511
3009294146
3039102511
3039102511
3039102511
3039102511
3039102511
3212144998
3039102511
3333408242
3039102511
3212040699
3360445577
3212040699
3166284363
3212040699
3212040699
3212040699
3212040699
3422128880
3322022434
3432595026
3158238911
3002222742
3002222742
3002222742
3002222742
3152200707
3002222742
3000927957
3002222742
3000927957
3022223639
3022223639
3362330240
3343662001
3212772576
3063811408
3063811408
3063811408
3063811408
3333008607
3063811408
3333008607
3333008607
3363463077
3368445715
3333008607
3368445715
3368445715
3100020966
3072112649
3212772576
3442226585
3082312912
3463295540
3003500777
3312999460
3102131510
3463295540
3312421175
3343747542
3343747542
3452385639
3463295540
3411210000
3352305740
3162981113
3360445577
3453373325
3360445577
3362059707
3212496589
3362338325
3453373325
3362059707
3362338325
3362059707
3453373325
3362059707
3342894969
3362059707
3228539681
3228539681
3062597872
3333029934
3338212345
3360445577
3129106573
3412148090
3212297437
3162981113
3212297437
3212297437
3333305785
3338212345
3162981113
3162981113
3217722229
3201283599
3110012856
3110012856
3333836217
3203116144
3312659908
3333129128
3002245379
3070088067
3070088067
3201283599
3070088067
3122255564
3332336215
3002988035
3005229261
3002988035
3333143302
3002988035
3238238219
3238238219
3002988035
3332186544
3162308757
3009243296
3343191838
3002861579
3022380960
3363463077
3343028771
3357002952
3357002952
3357002952
3363463077
3357002952
3363463077
3357002952
3212466406
3357002952
3357002952
3322997231
3338221622
3357002952
3000773485
3218222451
3322997231
3322997231
3322019315
3322997231
3332168572
3322997231
3322997231
3322997231
3322997231
3322997231
3322997231
3322997231
3322997231
3322997231
3142166247
3322997231
3322997231
3322997231
3332379222
3142166247
3357002952
3142166247
3322997231
3322997231
3142166247
3357002952
3322997231
3322997231
3343662001
3357002952
3339786035
3142166247
3142166247
3142166247
3322997231
3322997231
3322997231
3142166247
3142166247
3322997231
3405558087
3142166247
3229955556
3142166247
3322997231
3142166247
3142166247
3009200481
3405558087
3002144956
3142166247
3142166247
3332379222
3072003366
3022379057
3353254661
3082867326
3002242627
3332379222
3003571241
3022379057
3332236640
3022379057
3432142472
3368805271
3002439173
3005229261
3009244891
3368805271
3002439173
3009200481
3005229261
3363012476
3363012476
3432142472
3029344630
3357002952
3357002952
3432142472
3332379222
3432142472
3022379057
3002249760
3368817562
3333530696
3002249760
3432142472
3009244891
3042611655
3132650715
3208378397
3333530696
3042611655
3002299044
3333530696
3042611655
3042611655
3042611655
3042611655
3042611655
3343438364
3042611655
3042611655
3042611655
3042611655
3042611655
3042611655
3161144460
3343438364
3343438364
3362348834
3343438364
3343438364
3343438364
3062601848
3002249760
3070088067
3002249760
3232180964
3112238415
3362285477
3313525823
3362285477
3362285477
3003912609
3232180964
3356331118
3313525823
3362285477
3313525823
3332379222
3313525823
3332379222
3123397210
3002091583
3212466406
3212466406
3356331118
3356331118
3152096365
3313525823
3212466406
3212466406
3332065828
3212466406
3323142137
3212040699
3325371057
3212466406
3212040699
3212040699
3212466406
3433062229
3212466406
3212466406
3212466406
3433062229
3433062229
3343542215
3212040699
3343542215
3433062229
3343495837
3343542215
3343495837
3343542215
3039102511
3039102511
3039102511
3343542215
3343542215
3343542215
3039102511
3212040699
3039102511
3039102511
3039102511
3343542215
3343542215
3138936705
3128590750
3343542215
3212040699
3343542215
3138936705
3039102511
3212040699
3039102511
3138936705
3432595026
3232366043
3166284363
3039102511
3422128880
3422128880
3333883956
3039102511
3212040699
3212040699
3212135110
3208260539
3362899057
3208260539
3212135110
3343867271
3002222742
3002222742
3313710484
3343373899
3343373899
3343373899
3343373899
3343373899
3343373899
3343373899
3063811408
3063811408
3212772576
3063811408
3212772576
3063811408
3012350889
3452377030
3063811408
3363463077
3213850982
3212297437
3212297437
3212297437
3212297437
3352861921
3212297437
3008225049
3212101973
3338221622
3110257387
3102131510
3452895773
3002556218
3347341708
3328365710
3161621150
3452436182
3002232490
3357002952
3357002952
3000726940
3452085348
3003511241
3462793108
3452085348
3335722306
3322019315
3218798092
3319992110
3002245379
3319992110
3319992110
3083510349
3212135110
3062435153
3003777262
3333509011
3333323815
3058643122
3000630678
3002861579
3108377067
3219577801
3058643122
3122104405
3058643122
3122104405
3122104405
3122104405
3331291775
3338114020
3142166247
3142166247
3363463077
3212135110
3454788304
3363463077
3222032329
3008203275
3462190926
3123882290
3462190926
3082867326
3067198403
3325371057
3238238219
3454788304
3238238219
3352409978
3082867326
3238238219
3012280835
3333883956
3360314010
3062435153
3152188338
3322371150
3067198403
3032435247
3453233905
3110012856
3352409978
3110012856
3212200157
3442535159
3110012856
3366829270
3110012856
3332258881
3312014308
3110012856
3363498664
3110012856
3110012856
3332258881
3332258881
3332258881
3332258881
3110012856
3238238219
3332258881
3332258881
3312421175
3332258881
3332258881
3332258881
3312421175
3332258881
3002091583
3332258881
3332258881
3332258881
3238238219
3369946958
3312421175
3332258881
3002091583
3347318060
3022379057
3002091583
3022379057
3312014308
3018395482
3062435153
3062435153
3022379057
3062435153
3361309527
3132899880
3348242999
3062435153
3348242999
3348242999
3087666220
3062435153
3000365899
3062435153
3348242999
3339244275
3087666220
3062435153
3339244275
3339244275
3339244275
3032435247
3133409883
3339244275
3000365899
3063811408
3339244275
3348242999
3339244275
3339244275
3009244891
3000365899
3348242999
3339244275
3000365899
3339244275
3348514440
3339244275
3062597872
3000365899
3000365899
3348242999
3348242999
3348242999
3313525823
3000365899
3158238911
3314323759
3362285477
3028514440
3008275805
3314323759
3314323759
3333102876
3362285477
3313525823
3313525823
3228539681
3000365899
3158238911
3362285477
3314323759
3362285477
3314323759
3314323759
3314323759
3314323759
3314323759
3362285477
3313525823
3314323759
3228539681
3314323759
3314323759
3313525823
3313525823
3314323759
3314323759
3314323759
3314323759
3362285477
3314323759
3228539681
3314323759
3314323759
3314323759
3314323759
3314323759
3314323759
3314323759
3322409255
3343642225
3314323759
3314323759
3328224733
3314323759
3314323759
3322409255
3322409255
3314323759
3459721237
3322384867
3459721237
3459721237
3459721237
3459721237
3459721237
3459721237
3459721237
3459721237
3459721237
3459721237
3459721237
3212040699
3322384867
3002988035
3248269292
3248269292
3337540599
3212040699
3459721237
3337540599
3459721237
3248269292
3212040699
3343510190
3052777883
3120278844
3337540599
3212040699
3058643122
3343387859
3058643122
3333569835
3042765562
3158770916
3212466406
3343495837
3332175458
3238238219
3135507637
3238238219
3238238219
3166284363
3332175458
3238238219
3432595026
3422128880
3039102511
3332175458
3039102511
3039102511
3212175458
3039102511
3039102511
3039102511
3332175458
3212479419
3312359015
3039102511
3039102511
3212175458
3332138051
3039102511
3212175458
3332175458
3212175458
3212175458
3003777262
3332175458
3212175458
3332175458
3003777262
3212175458
3212175458
3338114020
3028514440
3212200157
3348514440
3028514440
3348514440
3348514440
3212200157
3348514440
3348514440
3348514440
3348514440
3348514440
3028514440
3028514440
3028514440
3028514440
3002222742
3360314010
3002222742
3348514440
3002222742
3348514440
3002222742
3002222742
3333266180
3453050128
3212917106
3343373899
3343373899
3343373899
3212917106
3212917106
3102949624
3063811408
3212917106
3343373899
3063811408
3212505958
3343373899
3102949624
3212917106
3343373899
3343373899
3063811408
3343373899
3212917106
3343373899
3132417899
3063811408
3343373899
3132417899
3212917106
3343373899
3343373899
3132417899
3012222133
3132417899
3132417899
3132417899
3132417899
3132417899
3363463077
3363463077
3212772576
3012350889
3363463077
3100020966
3332866771
3332866771
3332866771
3343367850
3362062238
3362062238
3162981113
3162981113
3008870777
3362062238
3008870777
3008870777
3008870777
3008870777
3008870777
3008870777
3352571989
3008870777
3008870777
3327699674
3366829270
3100020966
3343080544
3002535613
3102331090
3062597872
3002535613
3343806162
3138976422
3343806162
3343806162
3343806162
3323331484
3454788304
3453096001
3100020966
3338923313
3062597872
3460815791
3338923313
3462190926
3313020337
3062597872
3062597872
3062597872
3212297437
3330366948
3338579505
3212297437
3032691220
3466636714
3212297437
3313020337
3322271150
3313020337
3111232545
3218941700
3005341625
3218941700
3005341625
3058643122
3212042633
3058643122
3202202253
3462190926
3333613526
3212466406
3000630678
3333129128
3000630678
3018229318
3000630678
3009232680
3000630678
3000630678
3000630678
3005341625
3339222512
3000363548
3322271150
3212200157
3332104896
3322371150
3462190926
3343389134
3008203275
3002733873
3002486851
3152168092
3012539657
3462190926
3312226965
3012539657
3002486851
3152168092
3237071104
3152168092
3152168092
3152168092
3454788304
3002733873
3454788304
3333933961
3159006190
3454788304
3012539657
3351231699
3002449549
3333883956
3332835478
3000286702
3212149606
3333597723
3454788304
3158238911
3212149606
3333708077
3454788304
3454788304
3158238911
3158238911
3454788304
3362777389
3454788304
3162308757
3212500326
3454788304
3423520401
3312824351
3312824351
3352111319
3312824351
3312824351
3132423062
3452085348
3162308757
3312824351
3132423062
3312824351
3462825393
3356331118
3312824351
3452085348
3312824351
3008256345
3327883552
3482212780
3452085348
3312421175
3361010222
3452085348
3242137320
3172122022
3368892931
3128522188
3172122022
3212500326
3121092707
3004322955
3368892931
3022379057
3322665405
3012205457
3468345051
3212500192
3122811220
3002861579
3002861579
3452013630
3130122185
3343806162
3452013630
3000365899
3002222742
3452013630
3000365899
3003411806
3002439173
3130122185
3452013630
3452013630
3233355584
3452013630
3233355584
3454788304
3130122185
3368892931
3122839352
3012205457
3130122185
3039102511
3327702747
3032424818
3362285477
3335937030
3022379057
3328365710
3362285477
3039102511
3039102511
3335937030
3039102511
3039102511
3335937030
3039102511
3002988035
3212232364
3335937030
3009244891
3238238219
3238238219
3338212345
3338212345
3338212345
3338212345
3338212345
3039102511
3352868626
3338212345
3238238219
3338212345
3039102511
3338212345
3338212345
3238238219
3338212345
3338212345
3338212345
3039102511
3338212345
3338212345
3338212345
3039102511
3166284363
3012280835
3338212345
3338212345
3338212345
3338212345
3338212345
3338212345
3338212345
3338212345
3338212345
3238238219
3238238219
3338212345
3343495837
3338212345
3338212345
3328365710
3343495837
3330366948
3343387859
3330366948
3343495837
3452497386
3212466406
3212466406
3002222742
3212466406
3222790065
3122575129
3113089378
3002222742
3002222742
3002222742
3002222742
3002222742
3002439173
3002222742
3023900159
3212245358
3336719397
3212505958
3022223639
3063811408
3063811408
3472447633
3063811408
3212772576
3472447633
3212500192
3063811408
3009256273
3343443710
3212500192
3162981113
3122609114
3212500192
3162981113
3212500192
3212500192
3212500192
3212500192
3212500192
3212500192
3212500192
3212500192
3212500192
3212500192
3212500192
3212500192
3212500192
3212500192
3022019530
3212500192
3212500192
3212500192
3022019530
3212500192
3212500192
3212500192
3212500192
3120278844
3212500192
3482212780
3322027795
3212500192
3003511241
3482212780
3008264439
3235524899
3362082180
3002556218
3110012856
3326293613
3132579364
3132579364
3002541806
3002541806
3002541806
3132342203
3002541806
3002541806
3002541806
3002541806
3002541806
3002541806
3002541806
3002541806
3002541806
3002541806
3002541806
3002541806
3462666730
3002541806
3333948005
3002541806
3002541806
3002541806
3002541806
3002541806
3002541806
3002541806
3002541806
3333948005
3002541806
3002541806
3002541806
3002541806
3333948005
3002541806
3002541806
3333948005
3002541806
3002541806
3352103922
3002541806
3002541806
3458233222
3002541806
3002541806
3002541806
3002541806
3002541806
3002541806
3128449253
3002541806
3002541806
3002541806
3002541806
3461034193
3352103922
3352103922
3128449253
3323010263
3352103922
3002541806
3423715970
3003374088
3008248977
3452282688
3005229261
3357002952
3353245169
3212336901
3100020966
3017084538
3087666220
3352868626
3122807267
3100020966
3462825393
3002366540
3112075065
3002249760
3002249760
3218964349
3318366162
3219293599
3333708077
3056798838
3368041102
3333708077
3242137320
3313710484
3368041102
3324128064
3333708077
3312421175
3009244891
3368041102
3312421175
3058643122
3312421175
3331266960
3242137320
3002089250
3368817562
3368817562
3058643122
3007023700
3058643122
3022379057
3058643122
3328325887
3002941742
3452970295
3022379057
3452970295
3323079681
3368817562
3312817475
3058643122
3132571840
3122104405
3122104405
3009242948
3058643122
3058643122
3166284363
3003571241
3042689794
3042689794
3242921388
3166284363
3002249760
3042689794
3368817562
3335722306
3058643122
3368817562
3352203285
3212125423
3142271273
3120278844
3002249760
3341123242
3212232364
3342637806
3323010263
3212232364
3212232364
3212232364
3212232364
3102622641
3339244275
3218844420
3339244275
3339244275
3339244275
3339244275
3218844420
3218844420
3218844420
3339244275
3218844420
3218844420
3339244275
3339244275
2134982609
3218844420
3218844420
3218844420
3339244275
3218844420
3212135110
3218844420
3332636023
3333323815
3212232364
3218844420
3339244275
3218844420
3336793210
3336793210
3218844420
3336793210
3029793210
3336793210
3336793210
3212232364
3362458846
3336793210
3336793210
3336793210
3218844420
3336793210
3339244275
3212232364
3336793210
3362899057
3029793210
3029793210
3029793210
3238238219
3336793210
3029793210
3336793210
3212144998
3029793210
3336793210
3029793210
3238238219
3029793210
3029793210
3029793210
3218844420
3029793210
3336793210
3029793210
3336793210
3029793210
3029793210
3029793210
3029793210
3039102511
3029793210
3029793210
3039102511
3029793210
3029793210
3029793210
3029793210
3039102511
3029793210
3336793210
3336793210
3039102511
3029793210
3029793210
3029793210
3029793210
3029793210
3029793210
3029793210
3039102511
3029793210
3029793210
3039102511
3343348184
3328400004
3029793210
3039102511
3029793210
3029793210
3029793210
3029793210
3343348184
3029793210
3009235362
3029793210
3029793210
3029793210
3218798092
3039102511
3029793210
3335722306
3029793210
3343348184
3003777262
3029793210
3029793210
3029793210
3362899057
3029793210
3130122185
3003777262
3003777262
3328255612
3343599277
3003777262
3012208889
3423520401
3012208889
3423520401
3012205457
3235524899
3357002952
3343495837
3357002952
3235524899
3357002952
3152168092
3235524899
3152168092
3152168092
3152168092
3152168092
3343474106
3235524899
3343474106
3343474106
3343474106
3152168092
3152168092
3343474106
3343474106
3152168092
3152168092
3432595026
3432595026
3422128880
3422128880
3166284363
3002484384
3201283599
3000888069
3238238219
3218235552
3063811408
3062597872
3062597872
3218235552
3062597872
3332282208
3330366948
3330366948
3353182526
3330366948
3330366948
3022379057
3022379057
3322343218
3022379057
3009237137
3326311977
3337277888
3212041615
3343387859
3343387859
3070217911
3102418897
3228539681
3421434154
3458281631
3331367314
3228539681
3228539681
3012205457
3228539681
3012205457
3012205457
3022379057
3022379057
3235524899
3100020966
3100020966
3052662827
3012298564
3100020966
3172109712
3318906741
3333608465
3318906741
3357002952
3152116641
3327939392
3152116641
3357002952
3363086002
3357002952
3212826124
3212826124
3028220803
3038023886
3343879434
3332207733
3052720558
3482212780
3052777883
3432868569
3242904107
3003127273
3022379057
3002249760
3152116641
3005679533
3322507210
3152116641
3327939392
3022379057
3005229261
3218844420
3213881807
3343731819
3332332998
3022379057
3022081007
3212900088
3152116641
3212900088
3000365899
3218844420
3000365899
3423520401
3152116641
3000365899
3000365899
3423520401
3002513343
3002213486
3452196117
3002737198
3152116641
3142685047
3242238875
3357002952
3352510658
3357002952
3238238219
3357002952
3357002952
3357002952
3322094144
3152116641
3152116641
3152116641
3062242352
3152116641
3322094144
3357002952
3012539657
3322094144
3366829270
3332572489
3018963438
3018963438
3454788304
3333708077
3333708077
3333708077
3212997366
3332835478
3052777883
3212997366
3333708077
3335937030
3332572489
3212997366
3333708077
3212997366
3333708077
3335937030
3333708077
3212997366
3003777262
3149361823
3212997366
3331278659
3442850293
3368041102
3362285477
3062435153
3362285477
3362285477
3423332322
3362285477
3362285477
3362285477
3343081887
3313525823
3335937030
3238238219
3353073316
3238238219
3009244891
3212297437
3018395482
3135507637
3328400004
3212908006
3212297437
3018395482
3214909660
3338923313
3335937030
3335937030
3335937030
3463290108
3042170025
3135507637
3018395482
3162981113
3135507637
3312355374
3462190926
3135507637
3312830518
3356331118
3343227455
3312753697
3003777262
3332332998
3003777262
3333139295
3452109803
3362899057
3362899057
3332332998
3333883956
3467629216
3132070144
3212175458
3212175458
3132070144
3212175458
3212175458
3332239300
3152168092
3212175458
3212175458
3332239300
3212175458
3212175458
3212175458
3212175458
3362173108
3212175458
3238238219
3238238219
3343373899
3343373899
3343373899
3312367227
3212297437
3328088412
3212191548
3212191548
3212191548
3152168092
3212191548
3332282208
2134823351
3212191548
3212191548
3152168092
3332282208
3152168092
3042311006
3152168092
3212191548
3212191548
3152168092
3152168092
3152168092
3212191548
3042311006
3042311006
3152168092
3152168092
3042311006
3152168092
3152168092
3152168092
3152168092
3152168092
3152168092
3042311006
3152168092
3042311006
3152168092
3042311006
3152168092
3242701454
3009278589
3009278589
3009278589
3009278589
3002449549
3009278589
3009278589
3009278589
3453373325
3009278589
3343387859
3009278589
3130122185
3009278589
3453373325
3009278589
3453373325
3009278589
3212297437
3009278589
3009278589
3009278589
3223551732
3042110711
3062597872
3491849808
3333811831
3313298887
3212175458
3218798092
3212175458
3212175458
3212175458
3212175458
3212175458
3212175458
3212175458
3212175458
3351387731
3212175458
3212175458
3212175458
3338274744
3212175458
3012090134
3212175458
3212175458
3022776699
3212175458
3212175458
3012090134
3212175458
3212175458
3351387731
3212175458
3331660900
3212175458
3359203232
3212175458
3212175458
3212175458
3102250175
3212175458
3212175458
3351387731
3312421175
3212175458
3212175458
3212175458
3312421175
3212175458
3122104405
3122104405
3002277654
3219577801
3158816431
3432595026
3422128880
3166284363
3112498754
3342178680
3442411007
3454788304
3002861579
3142620325
3454788304
3343510190
3338923313
3333883956
3333883956
3323652073
3322094144
3331374315
3331374315
3322094144
3331374315
3132070144
3132070144
3067198403
3002277654
3002277654
3339244275
3339244275
3339244275
3339244275
3323652073
3212372006
3323652073
3339244275
3339244275
3339244275
3339244275
3339244275
3339244275
3322019315
3218798092
3333129128
3332397190
3035439406
3035439406
3489092803
3332332998
3047341726
3009244891
3352105065
3352105065
3352105065
3315007166
3328224733
3212297437
3352105065
3212297437
3132070144
3132070144
3212297437
3212297437
3212297437
3212297437
3212297437
3229955556
3002218748
3002662659
3422228880
3003637382
3229955556
3003637382
3009237137
3003637382
3003637382
3003637382
3229955556
3003637382
3022379057
3229955556
3213777392
3002249207
3422710352
3000365899
3361309527
3000365899
3000365899
3351387731
3000365899
3000365899
3000365899
3161621150
3005229261
3161621150
3003777262
3452892896
3351233752
3000365899
3333883956
3323795476
3333883956
3312817475
3327702747
3152630024
3333883956
3312817475
3432868569
3333883956
3333883956
3312817475
3130122185
3042689794
3042689794
3333509011
3342550885
3130122185
3042689794
3042689794
3042689794
3042689794
3325500053
3325500053
3218844420
3333712856
3333712856
3333712856
3142166247
3333712856
3132070144
3033111832
3142166247
3132070144
3333712856
3333712856
3333712856
3142166247
3132070144
3333712856
3142166247
3333712856
3333712856
3333712856
3333712856
3333712856
3333712856
3333712856
3333712856
3333712856
3333712856
3333712856
3333712856
3333712856
3333712856
3333712856
3333712856
3333712856
3333712856
3333712856
3333712856
3333712856
3333712856
3333712856
3333712856
3333712856
3333712856
3333712856
3333712856
3333712856
3333712856
3333712856
3333712856
3432595026
3333712856
3333712856
3333712856
3333963699
3333712856
3333712856
3333712856
3333963699
3333712856
3333712856
3333712856
3333712856
3333712856
3443637791
3443637791
3443637791
3443637791
3333712856
3443637791
3443637791
3443637791
3443637791
3443637791
3443637791
3443637791
3443637791
3443637791
3443637791
3443637791
3443637791
3443637791
3443637791
3443637791
3443637791
3312823522
3443637791
3443637791
3443637791
3443637791
3003637382
3003637382
3003637382
3222622226
3238238219
3238238219
3238238219
3132417899
3063811408
3132417899
3343373899
3360314010
3343373899
3101043430
3333008607
3101043430
3062597872
3062597872
3212424778
3101043430
3333620494
3228210404
3333620494
3333620494
3362059707
3362059707
3362059707
3362059707
3362059707
3362059707
3362059707
3002648712
3022379057
3362059707
3112967030
3138976422
3362338325
3312421175
3312421175
3312421175
3443637791
3463295540
3443637791
3003571241
3463295540
3463295540
3463295540
3463295540
3463295540
3443637791
3443637791
3463295540
3463295540
3443637791
3463295540
3443637791
3443637791
3443637791
3463295540
3463295540
3443637791
3463295540
3443637791
3463295540
3443637791
3443637791
3443637791
3463295540
3443637791
3009244891
3443637791
3443637791
3443637791
3332202423
3443637791
3443637791
3443637791
3443637791
3443637791
3443637791
3443637791
3443637791
3443637791
3443637791
3443637791
3443637791
3443637791
3009244891
3443637791
3443637791
3443637791
3443637791
3443637791
3443637791
3443637791
3443637791
3443637791
3443637791
3443637791
3443637791
3443637791
3443637791
3443637791
3443637791
3443637791
3443637791
3443637791
3443637791
3443637791
3443637791
3443637791
3443637791
3443637791
3443637791
3443637791
3443637791
3313962281
3443637791
3443637791
3443637791
3327699674
3443637791
3323171618
3443637791
3327699674
3443637791
3443637791
3432868569
3443637791
3002249760
3443637791
3328215521
3138976422
3351387731
3070217911
3212297437
3002109520
3362338325
3212297437
3212297437
3212297437
3212297437
3022379057
3313962281
3002274583
3022379057
3333129128
3333836217
3332267829
3342223038
3337277888
3218219888
3351233752
3343387859
3218219888
3218219888
3132070144
3132070144
3132070144
3132070144
3009247813
3342178680
3022081007
3342178680
3003747270
3003747270
3003747270
3132070144
3462190926
3003747270
3132070144
3003747270
3462320681
3333203209
3462320681
3149880553
3132070144
3149880553
3351231699
3149880553
3149880553
3152116641
3149880553
3332327750
3222729746
3128522188
3132070144
3333095627
3218775054
3313649348
3083510349
3212005543
3018963438
3452085348
3443023069
3333883956
3018963438
3452085348
3355779911
3335937030
3333883956
3349277224
3333883956
3333883956
3462825393
3212268137
3122709892
3326311977
3333883956
3361309527
3326311977
3361309527
3363463077
3128892094
3122811220
3130122185
3332125904
3128892094
3130122185
3130122185
3130122185
3121163264
3332332998
3122829232
3130122185
3343585080
3012539657
3012539657
3228539681
3212041615
3228539681
3002366540
3242137320
3368514222
3228539681
3242137320
3228539681
3352249798
3454788304
3312367227
3454788304
3142620325
3328224733
3142620325
3335937030
3362909708
3462190926
3148089191
3337870854
3342178680
3362899057
3335937030
3336793210
3111905990
3002249760
3002249760
3002249760
3312808023
3002249760
3312808023
3009244891
3336793210
3336793210
3342178680
3336793210
3112359711
3336793210
3336793210
3000365899
3336793210
3338923313
3212135110
3432009830
3000365899
3336793210
3213803110
3336793210
3000365899
3336793210
3000365899
3336793210
3332486140
3357002952
3238238219
3357002952
3357002952
3332258881
3213824336
3323247972
3212955476
3158266038
3212955476
3361117040
3454546156
3343387859
3242137320
3039102511
3022380960
3462190926
3039102511
3422128880
3003777262
3432595026
3462190926
3332486140
3342058976
3432595026
3166284363
3422128880
3462190926
3357002952
3003637382
3333564147
3228539681
3228539681
3228539681
3228539681
3228539681
3228539681
3228539681
3343373899
3063811408
3343373899
3343373899
3343373899
3343373899
3369212282
3343373899
3369212282
3343373899
3343373899
3004099932
3333008607
3333008607
3333008607
3333008607
3333008607
3333008607
3333008607
3333008607
3333008607
3423520401
3238238219
3122485419
3111688944
3111688944
3018630665
3002326717
3219295993
3453373325
3453373325
3222640460
3453373325
3131237981
3162464924
3312722999
3462190926
3472084604
3044662237
3054007713
3462190926
3462190926
3012581150
3218941700
3122485419
3122641575
3452485845
3480930427
3338923313
3032796617
3116205105
3218941700
3352731776
3218941700
3332199281
3463199913
3462190926
3332462509
3323059581
3343409572
3333708077
3022379057
3336793210
3062143864
3333708077
3002648712
3331356734
3008289996
3122400400
3142314990
3343295987
3022379057
3000240004
3327702747
3327702747
3042765562
3433062229
3322407626
3000365899
3000365899
3212594861
3000365899
3000365899
3000365899
3000365899
3002091583
3042689794
3172122022
3362334903
3478808536
3152168092
3152168092
3152168092
3242238875
3152168092
3152168092
3152168092
3022379057
3242238875
3315007166
3008203275
3212999318
3008203275
3142166247
3130122185
3009277999
3212999318
3153515883
3343659968
3002489259
3343387859
3002091583
3362338325
3212040699
3002091583
3039102511
3212040699
3212040699
3332302742
3453378858
3362348834
3022776699
3338288378
3212040699
3022776699
3312768438
3022776699
3212040699
3022776699
3022776699
3022776699
3022776699
3039102511
3333836217
3022776699
3022776699
3152188338
3478808536
3212040699
3338288378
3338288378
3212040699
3338288378
3331278659
3432310966
3333836217
3070217911
3062435153
3067198403
3338288378
3338288378
3338288378
3002486243
3338288378
3338288378
3008225577
3422128880
3166284363
3121241235
3432595026
3121241235
3343731819
3152168092
3152168092
3152168092
3152168092
3152168092
3152168092
3152168092
3152168092
3152168092
3152168092
3152168092
3152168092
3103750337
3152168092
3152168092
3152168092
3152168092
3152168092
3152168092
3152168092
3152168092
3152168092
3002541806
3002541806
3002541806
3323171618
3212917106
3363485164
3118123670
3343416777
3343416777
3422210003
3343416777
3368318393
3343416777
3422210003
3352571989
3343416777
3422210003
3313629367
3313629367
3343416777
3352571989
3122179994
3313629367
3352571989
3313629367
3352571989
3352571989
3352571989
3313629367
3352571989
3352571989
3352571989
3313629367
3148089191
3352571989
3313629367
3352571989
3352571989
3313629367
3313629367
3352571989
3352571989
3313629367
3313629367
3132445016
3118113133
3313629367
3121147278
3219278607
3348242999
3348242999
3008295225
3348242999
3348242999
3348242999
3348242999
3339244275
3348242999
3348242999
3348242999
3348242999
3348242999
3348242999
3130122185
3348242999
3348242999
3339244275
3348242999
3348242999
3339244275
3348242999
3339244275
3348242999
3348242999
3348242999
3130122185
3348242999
3338923313
3339244275
3348242999
3162981113
3339244275
3338923313
3162981113
3022379057
3339244275
3022379057
3338923313
3348242999
3162981113
3022379057
3339244275
3348242999
3338923313
3348242999
3002366540
3348242999
3348242999
3348242999
3348242999
3348242999
3339244275
3348242999
3348242999
3348242999
3339244275
3348242999
3339244275
3348242999
3348242999
3348242999
3348242999
3348242999
3032435247
3348242999
3348242999
3348242999
3348242999
3138976422
3348242999
3348242999
3348242999
3348242999
3002165507
3138976422
3212297437
3138976422
3138976422
3212297437
3138976422
3352359244
3312644199
3110101784
3343029233
3352226499
3452085348
3312367227
3062435153
3062435153
3062435153
3062435153
3368570554
3333836217
3162957745
3222231979
3218941700
3002473848
3008298745
3008298745
3368510711
3361269426
3002473848
3002473848
3100020966
3327883552
3002275909
3002473848
3002275909
3041293264
3212268137
3002473848
3002473848
3318906741
3002473848
3209299030
3317515352
3433353930
3432243997
3022977140
3002648712
3161621150
3161621150
3343373899
3333292121
3212135110
3366829270
3212320653
3343373899
3366829270
3462825393
3462825393
3343373899
3233771441
3170407208
3343373899
3318906741
3343373899
3343585080
3343373899
3129106573
3368817562
3452204183
3452204183
3452204183
3122104405
3332827091
3122104405
3122104405
3161621150
3323652073
3132890980
3003571241
3332783100
3318366162
3326311977
3326311977
3462825393
3132070144
3326311977
3100020966
3462825393
3462825393
3002249760
3322515560
3462825393
3333949650
3455531577
3458228881
3132070144
3000365899
3132070144
3132070144
3132070144
3132070144
3132070144
3132070144
3454788304
3132070144
3132070144
3482597712
3008203275
3132070144
3012479187
3012479187
3012479187
3012479187
3343726780
3132070144
3012479187
3212232364
3368186003
3132070144
3132070144
3012479187
3432868569
3012479187
3132070144
3132070144
3132070144
3212232364
3012479187
3132070144
3012479187
3432371071
3432371071
3012479187
3432371071
3432371071
3432371071
3350237591
3012479187
3132070144
3432371071
3218798092
3012479187
3132070144
3012479187
3432371071
3158238911
3132070144
3132070144
3062435153
3432371071
3432371071
3012479187
3012479187
3170407202
3332123374
3432371071
3332123374
3012479187
3432371071
3332123374
3170407202
3432371071
3432371071
3432371071
3062435153
3432371071
3432371071
3432371071
3432371071
3012310250
3213897246
3332258881
3012310250
3357002952
3315007166
3212252220
3433062229
3212040699
3333256689
3212040699
3312092969
3218844420
3002541003
3243403434
3039102511
3333256689
3042689794
3212040699
3357002952
3039102511
3432595026
3166284363
3422128880
3039102511
3218798092
3003777262
3003777262
3360303163
3360314010
3042689794
3357002952
3338267654
3357002952
3357002952
3357002952
3042689794
3042689794
3357002952
3042689794
3042689794
3336793210
3343474106
3012255931
3336793210
3012255931
3108377067
3150204713
3214447028
3360314010
3360314010
3152168092
3218651457
3152168092
3152168092
3152168092
3152168092
3152168092
3152168092
3152168092
3152168092
3152168092
3152168092
3152168092
3368318393
3152168092
3111688944
3152168092
3111688944
3312212900
3242829350
3152168092
3008909822
3152168092
3152168092
3062597872
3152168092
3152168092
3152168092
3360314010
3313552105
3412713593
3343387859
3343387859
3332031520
3212297437
3212297437
3002526578
3122722356
3212297437
3212297437
3343510190
3113091728
3362297285
3362297285
3362297285
3362297285
3333509011
3155747579
3113333140
3129106573
3333305785
3212297437
3009242948
3212297437
3212297437
3131052392
3212297437
3331233456
3343089056
3002366540
3161621150
3161621150
3332391077
3332332998
3112075065
3323108027
3362059707
3218281234
3022720789
3322675365
3218281234
3218281234
3218281234
3218281234
3218281234
3218281234
3218281234
3218281234
3218281234
3218281234
3218281234
3218281234
3218281234
3218281234
3218281234
3218281234
3218281234
3218281234
3218281234
3218281234
3352731306
3352409978
3218281234
3218281234
3218281234
3218281234
3218281234
3218281234
3218281234
3218281234
3022379057
3054007713
3218281234
3218281234
3322515560
3218281234
3022379057
3218281234
3139202660
3218281234
3218281234
3218281234
3218281234
3218281234
3218281234
3218281234
3218281234
3218281234
3022379057
3218281234
3218281234
3218281234
3218281234
3218281234
3212997366
3212997366
3218281234
3157426421
3222729746
3157426421
3212997366
3002281868
3002281868
3242137320
3002281868
3002281868
3462190926
3002281868
3132342203
3131052392
3318906741
3213683947
3362078184
3062597872
3002861579
3062597872
3232498400
3062597872
3062597872
3229955556
3332827091
3452196117
3352431391
3322665405
3408621505
3005341625
3368817562
3212243338
3318366162
3012539657
3132070144
3452596522
3132070144
3132070144
3132070144
3333921727
3132070144
3130122185
3132070144
3132070144
3132070144
3132070144
3318248738
3132070144
3130122185
3162981113
3155978500
3358273561
3132070144
3130122185
3132070144
3331266960
3132070144
3130122185
3132070144
3132070144
3112075065
3132070144
3132070144
3132070144
3331266960
3219234994
3362232994
3219234994
3328224733
3352305827
3219234994
3352305827
3335937030
3452310597
3212232364
3212232364
3212232364
3465196743
3212232364
3332561914
3212232364
3212232364
3128522188
3342637806
3212232364
3454788304
3212232364
3454788304
3212232364
3342637806
3363754163
3368817562
3352305827
3112359711
3112359711
3002473848
3002473848
3002473848
3002473848
3002473848
3002473848
3212040699
3002473848
3002473848
3002473848
3003777262
3218844420
3212297437
3002473848
3332236640
3340379161
3002473848
3212040699
3212297437
3002473848
3357002952
3357002952
3212040699
3357002952
3002473848
3337917585
3002473848
3002473848
3357002952
3212040699
3337917585
3331330671
3337917585
3042689794
3002473848
3212040699
3042689794
3062435153
3218844420
3212040699
3218844420
3042689794
3042689794
3212040699
3218844420
3212040699
3018224373
3212040699
3042689794
3062435153
3062435153
3362082180
3339233009
3042689794
3042689794
3343495837
3343495837
3042689794
3042689794
3363083705
3042689794
3422128880
3343495837
3343495837
3432595026
3166284363
3212008880
3122709892
3002249760
3343474106
3002249760
3002249760
3002249760
3002249760
3002249760
3002249760
3002249760
3456020995
3456020995
3456020995
3062597872
3442556290
3350364090
3129272515
3002216071
3132250665
3343373899
3312670109
3343373899
3343373899
3312670109
3343373899
3343373899
3312670109
3312670109
3312670109
3312670109
3312670109
3312670109
3343373899
3312670109
3343373899
3343373899
3343373899
3343373899
3312670109
3312670109
3343387859
3312670109
3312670109
3343373899
3312670109
3343373899
3312670109
3312670109
3312670109
3454788304
3132586733
3225555589
3123533544
3322551558
3225555589
3028017989
3366829270
3343729013
3219278607
3002535613
3412713593
3412713593
3002249760
3323795476
3002249760
3122623727
3357002952
3454788304
3357002952
3357002952
3357002952
3018441974
3042647795
3338923313
3212500326
3212500326
3002366456
3242664001
3332137355
3002166474
3318248738
3022380960
3353800364
3062844912
3332829383
3333812723
3209299030
3323203841
3062844912
3462190926
3212040699
3212900088
3333883956
3462190926
3212900088
3212900088
3462190926
3003399833
3112075065
3312248345
3462190926
3343879434
3462190926
3462190926
3003511241
3454788304
3462190926
3363841213
3008298745
3042311006
3122807267
3162981113
3162981113
3105658326
3162981113
3162981113
3105658326
3212034077
3323038164
3158894508
3228539681
3158894508
3362220531
3012090134
3362220531
3343293916
3362220531
3012090134
3242137320
3012090134
3008256345
3002541806
3357002952
3442001150
3322515560
3002541806
3002541806
3012954743
3002541806
3322515560
3322515560
3002541806
3070210775
3249090700
3012539657
3350200209
3249090700
3378027714
3002541806
3002541806
3002541806
3232325481
3002541806
3002541806
3218965569
3002541806
3008275805
3232325481
3002541806
3357002952
3357002952
3462018687
3413156056
3212297437
3328224733
3212999318
3357002952
3357002952
3313525823
3462018687
3212297437
3212297437
3212297437
3130122185
3002861579
3212297437
3008275805
3212297437
3328224733
3002861579
3212297437
3332239300
3012539657
3212992458
3018395482
3219433830
3212297437
3212297437
3343505773
3332202388
3335937030
3212297437
3219433830
3378027714
3453036458
3343409572
3312707044
3453036458
3343505773
3343505773
3002961534
3335937030
3018395482
3453036458
3333145597
3318462746
3242498475
3453036458
3242498475
3022019530
3315007166
3343387859
3070210775
3212252220
3332258881
3332258881
3332258881
3332258881
3332258881
3332258881
3453036458
3058643122
3218798092
3018395482
3212040699
3313525823
3212040699
3352226499
3173181973
3212040699
3362055158
3133409883
3378027714
3362055158
3212040699
3378027714
3115801705
3042689794
3212040699
3322472360
3378027714
3042689794
3042689794
3042689794
3378027714
3042689794
3042689794
3042689794
3042689794
3042689794
3366829270
3366829270
3338923313
3366829270
3338923313
3212008880
3041293264
3343474106
3343474106
3166284363
3422128880
3432595026
3343474106
3343474106
3343474106
3012350889
3012350889
3012350889
3012350889
3012350889
3012350889
3012350889
3012350889
3002389608
3152168092
3152168092
3002389608
3152168092
3152168092
3152168092
3152168092
3152168092
3152168092
3152168092
3152168092
3152168092
3162981113
3162981113
3162981113
3162981113
3162981113
3162981113
3162981113
3162981113
3162981113
3343373899
3162981113
3162981113
3162981113
3162981113
3162981113
3162981113
3343373899
3343373899
3022379057
3343373899
3012951601
3343373899
3343373899
3343373899
3122025309
3333921727
3333921727
3008870777
3332332998
3331320830
3022379057
3002232490
3122575129
3022379057
3022379057
3162981113
3357002952
3009244891
3357002952
3357002952
3156304172
3062520683
3245000556
3062520683
3318331218
3152252282
3312753697
3009237137
3331356734
3433062229
3357002952
3232004525
3362599349
3022379057
3022379057
3022379057
3312660633
3433614669
3132342203
3213897246
3213897246
3452085348
3353254661
3012951601
3325500053
3326860846
3333883956
3315007166
3228539681
3337540599
3228539681
3343293916
3337540599
3337540599
3337540599
3337540599
3450022508
3161621150
3161621150
3133713638
3122575129
3133409883
3212997366
3212997366
3338923313
3138976422
3212435227
3323795476
3212500326
3142166247
3212500326
3232001734
3456264821
3142166247
3135971592
3135971592
3488316091
3488316091
3432595026
3161621150
3161621150
3161621150
3333948005
3452310597
3003777262
3166284363
3422128880
3452492871
3453323490
3453323490
3002190491
3008870777
3062597872
3008870777
3008870777
3417907500
3052777883
3471695998
3343167440
3343387859
3333948005
3333948005
3343387859
3333948005
3132342203
3333948005
3022379057
3312788113
3022379057
3212205440
9203002016
3319992110
3022379057
3458233222
3008213228
3212297437
3212297437
3215961112
3212297437
3022379057
3212297437
3212297437
3212297437
3212297437
3212297437
3212297437
3212297437
3212297437
3212297437
3212297437
3212297437
3161146781
3212297437
3067198403
3422679127
3218206588
3122575129
3212297437
3212297437
3212297437
3005341625
3212297437
3008289996
3022380960
3212297437
3212297437
3212297437
3212997366
3212297437
3212297437
3212297437
3212297437
3352151587
3212997366
3052720558
3332268682
3463509053
3212997366
3332268682
3332945158
3131052392
3332945158
3218798092
3454788304
3473755326
3161621150
3454788304
3454788304
3473755326
3037954215
3112238415
3037954215
3343726780
3022226330
3022226330
3022226330
3028268269
3002737198
3028268269
3219433830
3002249760
3028268269
3219433830
3219433830
3219433830
3028268269
3219433830
3219433830
3219433830
3332332998
3423387446
3322248387
3040494204
3130122185
3161621150
3122812637
3219433830
3472255220
3454788304
3343293916
3323759010
3454788304
3223797288
3212929233
3223797288
3082228253
3312859303
3312859303
3212309729
3002861579
3062597872
3142777278
3062597872
3332267829
3219255519
3000365899
3352187939
3235524899
3000365899
3000365899
3315007166
3315007166
3000365899
3312167111
3000365899
3000365899
3000365899
3000365899
3000365899
3000365899
3142777278
3000365899
3161621150
3005346952
3161621150
3161621150
3452361007
3166284363
3422128880
3432595026
3212479419
3161621150
3138976422
3138976422
3138976422
3138976422
3138976422
3138976422
3138976422
3138976422
3138976422
3138976422
3312894563
3452492871
3453323490
3343373899
3212205440
3343006039
3343006039
3343006039
3343006039
3343006039
3353254661
3118123670
3118123670
3118123670
3118123670
3118123670
3357002952
3357002952
3362059707
3337540599
3362059707
3337540599
3343387859
3219278607
3337280278
3332486140
3325500053
3343387859
3337540599
3130122185
3451994375
3022681980
3228539681
3228539681
3219278607
3228539681
3228539681
3228539681
3212297437
3323010690
3337280278
3212297437
3357002952
3357002952
3357002952
3212297437
3212297437
3357002952
3357002952
3212297437
3212297437
3212297437
3212297437
3212297437
3212297437
3002232490
3212297437
3362082180
3070217911
3218293086
3333148920
3218293086
3366829270
3122807267
3315007166
3333921727
3212101415
3332332998
3333921727
3438886604
3111032357
3212040699
3438886604
3212040699
3438886604
3333323815
3212040699
3438886604
3002249760
3002249760
3212040699
3438886604
3002249760
3438886604
3232180964
3212040699
3008909822
3212040699
3353388530
3042311006
3332481817
3332481817
3039677251
3129106573
3235524899
3212996951
3323596690
3340038425
3332104896
3002737198
3212297437
3212297437
3332268682
3459279751
3212297437
3212297437
3002089250
3462825393
3235524899
3132721202
3472255220
3462190926
3363165077
3209299030
3363165077
3209299030
3462190926
3462190926
3462190926
3128522188
3002249422
3362220531
3462190926
3357002952
3357002952
3357002952
3318880893
3002037317
3162948640
3462825393
3052720558
3462190077
3009244891
3041239313
3004099932
3130122185
3433062229
3454788304
3453378858
3012539657
3012539657
3323715523
3012539657
3224077700
3130122185
3343242693
3462825393
3462190077
3357002952
3130122185
3462825393
3212297437
3333883956
3008946109
3212297437
3212297437
3130122185
3003511241
3003511241
3333883956
3333883956
3332282208
3218798092
3112905174
3332282208
3333883956
3454788304
3003498027
3218798092
3462018687
3462018687
3462018687
3332282208
3313525823
3004497860
3352305827
3112238415
3004497860
3454788304
3462018687
3462018687
3004497860
3333712856
3352305827
3222305827
3313525823
3004497860
3333712856
3352305827
3333712856
3462190926
3462190926
3462018687
3333712856
3462190926
3462190926
3333712856
3462190926
3462190926
3328215521
3462190926
3462190926
3462190926
3212297437
3212297437
3212297437
3212297437
3212297437
3212040699
3212008880
3432595026
3166284363
3422128880
3212008880
3039102511
3042117968
3472467403
3212917106
3212917106
3212917106
3062597872
3022019530
3368621855
3368621855
3373169190
3062597872
3101043430
3343387859
3101043430
3101043430
3101043430
3453373325
3340038425
3032925009
3360309968
3340038425
3340038425
3012642929
3062597872
3062597872
3062597872
3228539681
3332108658
3332108658
3002647567
3212297437
3212297437
3212297437
3212297437
3212297437
3212297437
3357002952
3212297437
3212297437
3332108658
3357002952
3212297437
3153355233
3452265485
3362305006
3328243820
3022380960
3032674520
3132070144
3152116641
3032674520
3022380960
3008048216
3249090700
3422128880
3313525823
3111688944
3111688944
3313525823
3111688944
3348242999
3111688944
3132070144
3132070144
3348242999
3132070144
3132070144
3348242999
3348242999
3348242999
3339244275
3348242999
3348242999
3339244275
3132070144
3339244275
3339244275
3339244275
3462190926
3132070144
3132070144
3132070144
3339244275
3462190926
3339244275
3462190926
3462190926
3339244275
3012298564
3003373619
3339244275
3132070144
3462190926
3128522188
3113402820
3462190926
3002293138
3003373619
3132070144
3328325887
3132070144
3002299394
3132070144
3132070144
3132070144
3422128880
3166284363
3132070144
3122811220
3052777883
3008909822
3022379057
3022379057
3242498475
3002129659
3219293339
3022019530
3242498475
3064864036
3333712856
3362305006
3009208375
3219293339
3041232807
3012539657
3219293339
3219293339
3219293339
3362285477
3313525823
3313525823
3219293339
3313525823
3362285477
3000926535
3362285477
3313525823
3313525823
3313525823
3054007713
3130122185
3333292920
3122575129
3122575129
3058643122
3219293339
3219293339
3219293339
3002091583
3009283660
3122575129
3009283660
3219293339
3131052392
3219293339
3131052392
3219293339
3212040699
3042689794
3161621150
3219293339
3161621150
3042689794
3042689794
3042689794
3002091583
3082260888
3042689794
3212040699
3458244035
3212040699
3219293339
3003777262
3212040699
3343495837
3212040699
3042689794
3045111179
3335392862
3343495837
3343495837
3343495837
3343495837
3343495837
3343495837
3343387859
3343387859
3166284363
3459191800
3422128880
3132570840
3138976422
3138976422
3138976422
3138976422
3138976422
3138976422
3138976422
3138976422
3152168092
3152168092
3152168092
3152168092
3152168092
3152168092
3152168092
3152168092
3152168092
3152168092
3343443710
3343443710
3472255220
3238335670
3472255220
3472255220
3472255220
3472255220
3022379057
3022379057
3218224155
3131052392
3022379057
3100105118
3327699674
3489123423
3362082180
3062597872
3342885774
3161621150
3343387859
3012539657
3012539657
3028280964
3121809410
3003228968
3423751955
3323512097
3333095627
3343438364
3212040699
3333018161
3362055158
3362055158
3008946109
3362055158
3338923313
3115952276
3115952276
3022379057
3138976422
3322507210
3138976422
3032763730
3357002952
3357002952
3331374315
3357002952
3313525823
3313525823
3357002952
3212505958
3123397210
3242255201
3313525823
3357002952
3313525823
3362285477
3212041615
3123397210
3332793697
3335392862
3228539681
3462825393
3335392862
3335392862
3335392862
3072917880
3350200209
3350200209
3138976422
3113402820
3323795476
3138976422
3002037317
3368817562
3138976422
3138976422
3138976422
3339222512
3472739940
3458233222
3338923313
3062597872
3062597872
3062301032
3042689794
3042689794
3432595026
3152168092
3422128880
3042689794
3042689794
3152168092
3152168092
3152168092
3152168092
3152168092
3152168092
3042689794
3212040699
3152168092
3152168092
3218289456
3212040699
3152168092
3212040699
3218289456
3005229261
3412974037
3219293339
3219293339
3003777262
3313626771
3340038425
3138976422
3138976422
3138976422
3138976422
3138976422
3138976422
3332103614
3332103614
3138976422
3340038425
3138976422
3138976422
3138976422
3002222742
3138976422
3138976422
3138976422
3138976422
3138976422
3138976422
3022379057
3022379057
3022379057
3022379057
3022223639
3002938184
3343416777
3062597872
3062597872
3062597872
3343416777
3219278607
3219278607
3322069159
3008870777
3022019530
3242498475
3362082180
3362082180
3122480806
3362082180
3339233009
3138976422
3235524899
3138976422
3235524899
3235524899
3235524899
3340038425
3342484721
3342484721
3368244400
3002249760
3113402820
3338579505
3012820007
3338579505
3082593238
3458281631
3022379057
3458281631
3412974037
3368817562
3412812132
3366878424
3002541806
3002541806
3002541806
3002541806
3005639977
3005639977
3005639977
3005639977
3219242045
3333618369
3318906741
3002733873
3149880553
3333597723
3042689794
3129228515
3042689794
3042689794
3067198403
3042689794
3341129437
3322515560
3005639977
3218281234
3323981159
3333883956
3312823522
3312823522
3332336215
3002091583
3322515560
3122575129
3343438364
3012539657
3012539657
3343438364
3012539657
3012539657
3343438364
3012539657
3361008786
3323795476
3323679724
3012539657
3323795476
3323795476
3343438364
3212440294
3361008786
3323795476
3361008786
3012539657
3012539657
3012539657
3323795476
3323981159
3368817562
3323981159
3012539657
3012539657
3012298564
3323795476
3343438364
3323795476
3343438364
3009274942
3138976422
3310268621
3362568049
3138976422
3138976422
3138976422
3362568049
3312670109
3138976422
3312670109
3138976422
3138976422
3138976422
3138976422
3138976422
3138976422
3312670109
3138976422
3242829350
3312670109
3312670109
3312670109
3138976422
3331660900
3312670109
3138976422
3138976422
3138976422
3138976422
3138976422
3138976422
3138976422
3225996882
3138976422
3138976422
3331660900
3225996882
3340038425
3032674520
3225996882
3225996882
3041232807
3138976422
3225996882
3225996882
3225996882
3318422999
3225996882
3138976422
3138976422
3313525823
3225996882
3225996882
3225996882
3225996882
3138976422
3225996882
3225996882
3225996882
3225996882
3225996882
3225996882
3225996882
3332332998
3214300977
3333712856
3343387859
3333712856
3333712856
3152559005
3333712856
3432595026
3422128880
3002249760
3002249760
3002249760
3002966591
3002541806
3002541806
3002541806
3002541806
3343373899
3022379057
3022379057
3022379057
3343373899
3343373899
3343373899
3343373899
3343373899
3343373899
3343373899
3313525823
3313525823
3313525823
3313525823
3138976422
3062597872
3101043430
3343387859
3343387859
3012642929
3343387859
3453373325
3012642929
3012642929
3343006039
3138976422
3138976422
3138976422
3138976422
3322998123
3352571989
3352571989
3462190077
3412570677
3328272946
3342885774
3357002952
3357002952
3342184184
3357002952
3362809945
3357002952
3357002952
3357002952
3357002952
3333883956
3333883956
3062520683
3003781844
3200211831
3423332322
3212963536
3339786035
3498958754
3343351156
3462825393
3323795476
3312817475
3062844912
3062844912
3212283557
3369233686
3132511166
3323759010
3312990656
3330283155
3218798092
3101005158
3009244891
3132070144
3062092274
3009244891
3087666220
3087666220
3087666220
3132070144
3224077700
3132070144
3009292589
3333514015
3462825393
3132070144
3132070144
3332282208
3218798092
3462825393
3132070144
3132070144
3132070144
3132070144
3083510349
3132070144
3083510349
3323715523
3238222015
3132070144
3083510349
3333712856
3333712856
3101005158
3132070144
3423332322
3333712856
3132070144
3333712856
3008285377
3312817475
3223551732
3069012220
3222200140
3222551466
3008285377
3012526200
3242137320
3012205457
3218798092
3468225211
3009244891
3133409883
3452215927
3332945158
3042689794
3332945158
3042689794
3332945158
3212040699
3212040699
3212040699
3338923313
3343474106
3212040699
3212040699
3082558724
3082558724
3212040699
3212040699
3343474106
3343474106
3340038425
3212040699
3212040699
3323258573
3018441974
3422128880
3138976422
3138976422
3138976422
3022379057
3005341625
3022379057
3022379057
3022379057
3353206465
3242701454
3342804511
3032674520
3008870777
3008870777
3008870777
3008870777
3062597872
3222627028
3421434154
3138976422
3342484721
3138976422
3138976422
3138976422
3138976422
3138976422
3138976422
3138976422
3138976422
3138976422
3161621150
3343387859
3138976422
3138976422
3138976422
3138976422
3138976422
3138976422
3352944406
3228539681
3012090134
3012090134
3062597872
3062597872
3364481545
3423332322
3423332322
3333883373
3433358073
3333089847
3333722722
3022379057
3122688849
3332660584
3422128880
3369233686
3222640460
3022379057
3022379057
3423332322
3022380960
3012479187
3423332322
3022379057
3423332322
3423332322
3012694405
3423332322
3212163568
3333034241
3318906741
3032073543
3042311006
3412812132
3042311006
3162777899
3042311006
3132070144
3007072898
3132070144
3132070144
3132070144
3132070144
3062210039
3132070144
3003747270
3032073543
3132070144
3132070144
3462825393
3132070144
3331255451
3462825393
3462825393
3332136240
3332268682
3333577924
3023813013
3023813013
3332338305
3338923313
3333530696
3338923313
3352249798
3062597872
3023813013
3408379396
3224077700
3333530696
3352249798
3352249798
3352249798
3352249798
3335173122
3313032665
3062597872
3032424818
3333712856
3062597872
3132041100
3118123670
3368817562
3052085611
3009244891
3323795476
3222472846
3218798092
3342056658
3222472846
3002766336
3368817562
3118101293
3005385766
3225996882
3456128630
3232499551
3238222015
3232170789
3132041100
3456128630
3333115132
3232170789
3042689794
3042689794
3042689794
3232499551
3042689794
3000723472
3042689794
3422128880
3312223609
3450011443
3219277176
3330247254
3330247254
3312421175
3312421175
3330247254
3312421175
3330247254
3312421175
3152168092
3152168092
3152168092
3152168092
3152168092
3152168092
3152168092
3152168092
3152168092
3152168092
3152168092
3152168092
3152168092
3152168092
3002183181
3352943183
3352943183
3352943183
3352943183
3352943183
3352943183
3312737148
3228240653
3110286433
3062597872
3118123670
3112070708
3360314010
3332335771
3343387859
3343387859
3343387859
3343387859
3363339990
3463295540
3458885646
3149880553
3343252298
3062597872
3062597872
3422128880
3432595026
3009237137
3349990929
3232325481
3473755326
3002249422
3473755326
3232325481
3423332322
3423332322
3423332322
3423332322
3352868626
3423332322
3423332322
3363826617
3313700014
3312421175
3453496961
3312421175
3312421175
3242701454
3225996882
3072236946
3009244891
3249090700
3100020966
3343031714
3333871015
3338288378
3333871015
3012951601
3339244275
3339244275
3339244275
3339244275
3339244275
3111688944
3339244275
3339244275
3339244275
3452075382
3219518631
3339244275
3155635633
3339244275
3343688454
3032148668
3032148668
3323795476
3462825393
3343028771
3219518631
3129955460
3161621150
3218290909
3161621150
3062597872
3242498475
3102793323
3242498475
3218281234
3218281234
3161621150
3161621150
3161621150
3161621150
3218281234
3161621150
3161621150
3333883956
3422710352
3422710352
3350348501
3337114841
3452967036
3242498475
3452271263
3242498475
3022019530
3022019530
3022019530
3022019530
3002766336
3002766336
3042311006
3124590906
3138976422
3443637791
3443637791
3443637791
3332462946
3218281234
3161621150
3161621150
3333883956
3422710352
3422710352
3350348501
3337114841
3452967036
3242498475
3452271263
3242498475
3022019530
3022019530
3022019530
3022019530
3002766336
3002766336
3042311006
3124590906
3138976422
3443637791
3443637791
3443637791
3332462946
3218281234
3161621150
3161621150
3333883956
3422710352
3422710352
3350348501
3337114841
3452967036
3242498475
3452271263
3242498475
3022019530
3022019530
3022019530
3022019530
3002766336
3002766336
3042311006
3124590906
3138976422
3443637791
3443637791
3443637791
3332462946
3218281234
3161621150
3161621150
3333883956
3422710352
3422710352
3350348501
3337114841
3452967036
3242498475
3452271263
3242498475
3022019530
3022019530
3022019530
3022019530
3002766336
3002766336
3042311006
3124590906
3138976422
3443637791
3443637791
3443637791
3332462946
3218281234
3161621150
3161621150
3333883956
3422710352
3422710352
3350348501
3337114841
3452967036
3242498475
3452271263
3242498475
3022019530
3022019530
3022019530
3022019530
3002766336
3002766336
3042311006
3124590906
3138976422
3443637791
3443637791
3443637791
3332462946
3218281234
3161621150
3161621150
3333883956
3422710352
3422710352
3350348501
3337114841
3452967036
3242498475
3452271263
3242498475
3022019530
3022019530
3022019530
3022019530
3002766336
3002766336
3042311006
3124590906
3138976422
3443637791
3443637791
3443637791
3332462946
3218281234
3161621150
3161621150
3333883956
3422710352
3422710352
3350348501
3337114841
3452967036
3242498475
3452271263
3242498475
3022019530
3022019530
3022019530
3022019530
3002766336
3002766336
3042311006
3124590906
3138976422
3443637791
3443637791
3443637791
3332462946
3336787872
3025522288
3329957082
3156155288
3331200063
3459077492
3439766273
3159821485
3042367587
3124498628
3110198047
3365583144
3329122469
3161831765
3349136091
3121098539
3169591386
3137354128
3339174614
