3360803338
3018441974
3022379057
3343007397
3022379057
3332379222
3338923313
3042018589
3120278844
3112375444
3323022135
3112375444
3112375444
3313523831
3313523831
3428384845
3492597647
3492597647
3212466406
3212466406
3492597647
3212466406
3212466406
3212466406
3032925009
3212466406
3212466406
3212466406
3333102876
3212466406
3212466406
3422128880
3000219779
3332379222
3166284363
3212297437
3343387859
3313523831
3313523831
3212297437
3212297437
3343387859
3343387859
3343387859
3357002952
3318460722
3357002952
3318460722
3318460722
3318460722
3313523831
3313523831
3313523831
3313523831
3313523831
3350322228
3322027795
3212297437
3212297437
3368445715
3368445715
3161148758
3162240892
3122179994
3212297437
3212297437
3122575129
3313523831
3313523831
3313523831
3357002952
3212330042
3009207490
3452215852
3433062229
3022379057
3433062229
3122481251
3122481251
3212917106
3122481251
3212939439
3122481251
3122481251
3122481251
3122481251
3122481251
3122481251
3122481251
3122481251
3122481251
3122481251
3122481251
3459004786
3122481251
3122481251
3452997383
3122481251
3122481251
3122481251
3456128630
3333129128
3059789153
3422181850
3162308757
3222702108
3343514155
3332366678
3083986548
3332262451
3083986548
3120278844
3322094144
3465306697
3362899057
3322094144
3362899057
3312657749
3312657749
3312657749
3312612320
3009222353
3314020203
3215999733
3215999733
3162778016
3215999733
3142166247
3142166247
3215999733
3142166247
3215999733
3332392633
3215999733
3215999733
3215999733
3215999733
3215999733
3215999733
3215999733
3215999733
3215999733
3215999733
3215999733
3215999733
3215999733
3215999733
3212923918
3215999733
3333148920
3215999733
3215999733
3215999733
3353246598
3362899057
3212135110
3454546156
3208260539
3362899057
3208260539
3212135110
3123340655
3332379222
3432595026
3166284363
3422128880
3313523831
3313523831
3313523831
3408626437
3343139454
3063811408
3063811408
3063811408
3063811408
3063811408
3223333166
3368445715
3368445715
3368445715
3452532006
3331030311
3111058895
3452532006
3452532006
3452532006
3452532006
3452532006
3452532006
3452532006
3452532006
3452532006
3452532006
3452532006
3452532006
3452532006
3452532006
3452532006
3452532006
3452532006
3452532006
3452532006
3452532006
3452532006
3452532006
3452532006
3452532006
3162254042
3042711248
3228977200
3339244275
3339244275
3339244275
3339244275
3339244275
3339244275
3339244275
3339244275
3339244275
3339244275
3348242999
3348242999
3339244275
3212772576
3348242999
3339244275
3339244275
3339244275
3339244275
3348242999
3348242999
3348242999
3339244275
3003500777
3339244275
3339244275
3339244275
3348242999
3339244275
3339244275
3339244275
3348242999
3348242999
3339244275
3339244275
3003500777
3339244275
3339244275
3348242999
3432216372
3432216372
3339244275
3351324520
3339244275
3339244275
3348242999
3339244275
3162270638
3339244275
3339244275
3343387859
3339244275
3432216372
3339244275
3339244275
3339244275
3162270638
3343387859
3343387859
3339244275
3118123670
3339244275
3351324520
3339244275
3339244275
3118123670
3343387859
3002648712
3313523831
3343505773
3171289064
3332248840
3362082180
3332248840
3133272392
3212121088
3368114223
3132644433
3343806162
3343806162
3343806162
3012298564
3112294400
3422990619
3112294400
3058643122
3379767442
3212424778
3022081007
3022081007
3362549206
3328365710
3333388694
3454788304
3315907125
3318422999
3454788304
3453533155
3333279310
3318039642
3454799545
3342885774
3212336901
3212997366
3212997366
3212997366
3212997366
3333708077
3332283844
3331356734
3212997366
3313525823
3338923313
3333708077
3359203232
3463518455
3331356734
3212997366
3313525823
3333708077
3313525823
3313525823
3333708077
3313525823
3332283844
3333708077
3313525823
3332236640
3338923313
3012280835
3212620076
3012280835
3458228881
3333717430
3212252220
3012280835
3012280835
3112294400
3212232364
3333388694
3312014308
3357002952
3312014308
3327702747
3310352680
3312014308
3153833487
3310352680
3310352680
3332379222
3122464104
3320828998
3332379222
3132200034
3312014308
3342223038
3008335394
3022379057
3022379057
3132626155
3022379057
3357002952
3008335394
3242016269
3132626155
3338923313
3132626155
3342881797
3132626155
3132626155
3132626155
3379767442
3009280487
3312014308
3132626155
3132626155
3008335394
3132626155
3132626155
3132626155
3132626155
3357002952
3132626155
3312014308
3132626155
3132626155
3454546156
3132626155
3132626155
3039102511
3132626155
3132626155
3132626155
3132626155
3132626155
3132626155
3132200034
3333036832
3132626155
3361257241
3039102511
3132626155
3039102511
3453010207
3332379222
3313525823
3039102511
3362285477
3332236640
3132626155
3039087581
3039102511
3313525823
3362285477
3313525823
3332236640
3482212780
3362285477
3332379222
3313525823
3039102511
3482212780
3362285477
3039087581
3087666220
3482212780
3313525823
3008991733
3362285477
3039087581
3482212780
3058643122
3129106573
3039087581
3332379222
3039087581
3212232364
3002183634
3452020276
3352863885
3087666220
3212232364
3132200034
3232366043
3342885935
3212232364
3232366043
3332379222
3067198403
3212232364
3342885935
3332379222
3039120074
3039120074
3347318060
3039120074
3100094153
3100094153
3342885935
3212135110
3218229006
3312014308
3212135110
3312014308
3333102876
3313729717
3313161700
3218229006
3313161700
3312014308
3212040699
3333155230
3411239993
3332262124
3312014308
3332379222
3343498385
3212040699
3332379222
3000219779
3332262124
3332262124
3312014308
3422128880
3312014308
3166284363
3432595026
3332262124
3212999318
3002988035
3002988035
3362899057
3362899057
3212135110
3002988035
3208260539
3332245428
3002988035
3332245428
3362899057
3208260539
3212466406
3212135110
3332245428
3332245428
3212466406
3313523831
3332245428
3332245428
3332245428
3212466406
3212466406
3332245428
3212466406
3212466406
3212466406
3028514440
3332245428
3332245428
3348514440
3028514440
3028514440
3212466406
3028514440
3028514440
3332245428
3028514440
3212466406
3332245428
3332245428
3028514440
3361843759
3070088067
3100208282
3362082180
3362082180
3063811408
3063811408
3063811408
3368445715
3312587422
3368445715
3368445715
3312587422
3453323490
3368445715
3453323490
3453323490
3351496226
3002029997
3003500777
3052777883
3003500777
3212620076
3343387859
3003500777
3212620076
3343387859
3333426309
3343387859
3343387859
3342163766
3343387859
3218290190
3453373325
3332486140
3002556218
3351324520
3212500326
3152096365
3212500326
3442309208
3219433830
3008213223
3159006190
3172002010
3313798506
3333038603
3172002010
3000365808
3407387079
3201283599
3142166247
3142166247
3362283407
3363825668
3142166247
3142166247
3362285477
3142166247
3362285477
3142166247
3313525823
3362285477
3142166247
3142166247
3313525823
3142166247
3142166247
3313525823
3313525823
3142166247
3142166247
3002249760
3215999733
3335047648
3215999733
3142166247
3322061219
3333602030
3142166247
3142166247
3238238219
3012213322
3342550885
3238238219
3122104405
3002299931
3238238219
3452997383
3002526051
3122104405
3032435247
3067198403
3067198403
3067198403
3368817562
3067198403
3368817562
3120278844
3067198403
3333182870
3067198403
3112142411
3222231979
3003571241
3178112233
3100020966
3002648712
3000797675
3313525823
3063340655
3362285477
3343416777
3313525823
3362285477
3009235362
3313525823
3362285477
3313525823
3362285477
3008298745
3002037317
3132423062
3008298745
3313525823
3362285477
3009235362
3008298745
3032435247
3323057789
3323057789
3322371150
3338221622
3322371150
3009244891
3323057789
3362066744
3153685682
3459721237
3322371150
3459721237
3212036440
3459721237
3454788304
3459721237
3333602030
3459721237
3222640460
3452540328
3212036440
3312421175
3041835123
3312421175
3459721237
3459721237
3322371150
3432689443
3454788304
3454788304
3338923313
3212231728
3322371150
3663185445
3454788304
3459721237
3454788304
3454788304
3362809945
3212772576
