03455334685
03005951101
03448580808
03448580808
03448580808
03448580808
03448566566
03455334685
03215065427
03028825405
03005951101
03005951101
03349132630
03219001232
03473030921
03321133007
03365725635
03339156677
03339886220
03008593773
03219054226
03219132317
03361232020
03169631918
03337606098
03339595995
03219045572
03458786000
03219090415
03400935087
03339112669
03332333567
03339073446
03153466608
03005685268
03339181828
03005951101
03333065556
03340300348
03424756749, 03025685305
03349138485
03149466551
03369741920
03459141743
03339513137
03239285200, 03449110092
03339331393
03005686779
03335936767
03339258880
03336037601
03005985951
03325951969
03005864486
03339206520
03339030685
03449148038
03339174614
03339089180
03005972332
03331488771
03331488771
03331488771
03018586555
03107000425
03005868821
03005940007
03459371523
03365668345
03139878900
03219152824
03120991893
03219152824
03339033930
03339339833
03459078097
03009035122
03329238879
03338555857
03225130242
03149466551
03005956825
03323999870
03459149012
03005954586
03152210631
03008585200
03468055582
03337218181
03336662652
03178111777
03455334685
03439122291
03339027815
03005951101
03312185103
03005985251
03139955654
03449997999
03009595212
03005951101
03005951101
03469099909
03339191565
03239044398
03315308917
03339183321
03459044421
03473030921
03009595879
03005952093
03336366478
03339198988
03463512007
03013020121
03360353536
03005926027
03339273890
03018885626
03212015209
03339138555
03206666661
03336399934
03215905757
03215905757
03009596521, 03335599832
03449296696
03129151244
03328593111
03328593111
03005929345
03129818124
03489867810
03333366173
03113833991
03113833991
03005951101
03005951101
03005951101
03009343420
03009330085
03319956374
03112255966
03349072431
03339478428
03335197767
03339355821
03369694494
03128180824
03330959153
03456600665
03116699426
03116699426
03334934316
03339193343
03353254845
03459373824
03409173113
03341003838
03149739003
03444999939
03005901532
03339530319
03428583452
03448580808
03448580808
03448580808
03448580808
03448566566
03219179084
03339174072
03403594472
03348609757
03423594472
03459390101
03339779099
03339779099
03459390101
03219031320
03459390101
03459390101
03459390101
03339151531
03421902495
03155065076
03169703527
03339381238
03339131010
03329985474
03008156767
03219031320
03005682188
03459341700
03130098707
03419165182
03359636468
03318190913
03449098000
03339271022
03339491277, 03459134016
03469183858
03139029333
03459042884
03078352469
03109745401
03339303750
03329449499
03481902457
03359113265
03005926591
03339672992
03168657663
03459080898
03119219740
03335990076
03119123585
03449818589
03341162111, 03135150846
03339253102
03339234219
03149245445
03338471235
03219067661
03319047635
03339190747
03339218620
03329012469
03489126416
03359986065
03339442208
03459050642
03125850300
03125850300
03139934942
03335386064
03349087827
03455163074
03125929401
03429084922
03339106791
03003090263, 03343090111
03339231212
03149344444
03339172460
03334666555, 03219057125
03333333208
03329129355
03455334685
03008110250, 03478110250
03005652020
03328593111
03339226345
03489198269
03349167362
03435258880
03453386167
03005940550
03005940550
03005940550
03459396390
03219192936
03219192936
03339911501
03369327988
03439756664
03439756664
03329411145
03109688870
03339590612
03049420125
03333565151
03009393694
03159757333
03350400044
03339634584
03219114595
03332621019
03333361111
03003166781
03454111140
03339285692
03377171633
03325941878
03329125197
03215065427
03339187958
03338883366
03329841965
03018341093, 03149894047
03339168233
03212496590
03350811934
03139791973
03147564664
03018886616
03005871600
03214948481
03139851188
03219167844
03339122991
03151111300
03219158118
03353535321
03468544240
03018929001
03348000857
03169753901
03219008100
03349100229
03349100229
03116699426
03445888690
03115214340
03133255555
03429000569
03149120222
03004762544
03340667770
03339353682
03339003908
03005817582
03219071177
03332271258
03129862615
03219202682
03159544437
03469196177
03339974499
03479607227
03219148975
03028825405
03003955500
03009538881
03335481231
03361100059
03215905757
03005901535
03005272254
03319050467
03369145883
03109515963
03009343253
03315561888
03059348824
03139808008
03128788552
03489067579
03005951101
03005951101
03005951101
03005951101
03005951101
03139792269
03219009499
03319047635, 03369281706
03328177738
03333361111
03207700060, 03202360621
03159118383
03088881001
03018595454
03005903855
03135822821
03159191010
03459322157
03349219135
03349522292
03484429535
03215328130
03129567189
03401195923
03152938687
03159736729
03169934982
03028825405
03455545555
03018898022
03005951101
03341930173
03369339339
03475244368
03009358192
03205005048
03159112266
03339087378
03421112004
03339743206
03349219030
03113833991
03340958488
03135959302
03439000998
03369094370
03009018699
03139552022
03214347873
03479106101
03414991491
03464302460
03339186371
03339339595
03219001232
03348821011
03139677977
03015611622
03469155002
03439851615
03339251910, 03159158001
03339165616
03329187879
03118970001
03429017479
03450057171
03465557628
03339000049
03439100438
03469079479
03334643939
03139957644
03339000018
03224339992
03005823490
03009348242
03430774400
03029597915
03359963942
03127167131
03469113690
03127272791
03365928208, 03159107451
03365928208, 03458570695
03365928208, 03458570695
03338343474
03339365281
03339103007
03325031135
03325031132
03339859855
03005955405
03139558414
03059177003
03009350251
03349214339
03359962436
03444444547
03339126165, 03459090391
03345011863
03335985790
03125922176
03159117700
03005880701
03350016966
03339282672
03149029992
03005965821
03339145668, 03120023219
03479057006
03339241220
03339302928
03349887333, 03009805362
03018208287
03009348242
03018900534
03339508187
03329185565
03029432014
03361361177
03469149766
03469149766
03339100021
03159885951
03339124203
03149100330
03348692111
03105555511
03078187961
03135265225
03459390101
03329654166
03349021024
03420203178
03339933149
03369737007
03339599206
03311865491
03005983132
03139151211
03139151211
03139151211
03339321996
03139151211
03339225320
03009597572
03459390101
03339104788
03409196429
03339259541, 03314116144
03425848534, 03130026283
03427770006
03339733544
03329988130
03135979697
03179605153
03152212183
03319844479
03335328351, 03459177068
03009102626
03009009361
03349131350
03339592949
03329999191
03459390101
03431989747
03339303033
03159363875
03459112016
03249111777
03339551140
03349081615
03116669255
03139316882
03219161233
03339241835
03339241835
03339241835
03339241835
03339241835
03339241835
03339241835
03339241835
03339158188
03013104911
03469155002
03025902027
03009359396
03349445252
03138115452, 03219105452
03339164412
03339119130
03339762901
03025683319
03329238359
03009160685
03219125006
03339474533
03330606231
03006336333
03349005107
03130016996
03479888422
03339123135
03339271811
03330921179
03339479884
03349000845
03009012681
03005969822
03333361111
03339955998
03459039955
03139561322
03018559774
03340998430
03339399353
03139807004
03018888281
03349062664
03333500082
03459082817
03319844479
03008590542
03339192693
03131211111
03339398699
03005929447
03338435100
03324882288
03339199708
03131211111
03339448619
03339410623
03359175463
03476622782
03139996333
03144410190
03369966680
03355986168
03338276229
03005901454
03068542011
03139837010
03359733523
03149246031
03149256031
03339232170
03219777229
03149018598
03319248383
03339278033
03339141842
03025500377
03119997192
03139035563
03339278033
03005979397
03005778877
03018331800
03109719623
03405059518
03368420304
03469002477
03318155567
03339216386
03333361111
03445393294
03179646367
03328989998
03336292938
03219025409
03336292938
03339020990
03159868718, 03329181261
03339042579
03339266954
03329157049
03325330038
03359757271
03469333074
03489909131
03359003453
03339052382
03129132362
03469046606
03369057425
03119034667
03459151201
03340552695
03348896093
03348896093
03219065155
03359696432
03109816868
03440201418, 03459371111
03340806060
03247755989
03339105187
03400198563
03339209036
03459115033
03339135231
03345289712
03155509852
03329058538
03459022701
03314983800
03000596488
03339332757
03018186157, 03329302386
03149060096
03131188223
03129177719
03365866566
03005608166
03339065996
03209010009
03129410623
03008437389
03339121433
03429027564
03469000013
03339075888
03149036033
03479243468
03339181828
03005951101
03459081966
03005951101
03339118559
03219592000
03109556632
03133138313, 03365881001
03469270312
03005940762
03219051911, 03324084000
03455888828
03339106665
03005937819
03334429868
03349065258
03110914665
03129285583
03339348894
03009097474
03139853110
03009151573
03469196849
03005884488
03349054078
03369765877
03459712712
03335566333
03339172879
03125278333
03329031218
03219041958
03159030930
03339093656
03219013838
03339911741
03329066664
03329066664
03333361111
03339386740
03450060000
03145783282
03339117998
03339140683
03155663100
03459088676
03025519070
03325036575
03005951342
03350539960
03339388386
03133053533
03005951661
03359788820
03450060000
03318341401
03339153616
03335978655
03335978655
03459000440
03109485519
03319283955
03339006481
03349025223
03104158003
03005993818
03339234925
03459075030
03009347778
03339107288
03469049809
03345440508
03339320864
03339122531
03209594747
03339594747
03339181015
03009030504
03329990938, 03369990938
03219109376
03339042579
03005927807
03439161601
03456084029
03139577909
03338882200
03009355660
03139837010
03338584222
03339128907
03339419071
03339997650
03119219740
03347871424
03348810710
03005922321
03005932843
03339537667
03329599188
03439650421
03331586661
03459176026
03319800072
03409795004
03005641105, 3205641105
03005641105
03139333993
03329706725
03229130988
03139832034
03008228945
03339372971
03018441815
03008585857
03339363005
03219012487
03219025099
03000528840
03339550546
03124838386
03159363875
03131188223
03018542463
03009048855
03169038938
03439650421
03219138837
03219096685
03100509496
03005988706
03339777673
03454430726
03119276164
03311333393
03346614142
03355988113
03005862798
03339112380
03479607227
03459514851
03139851166
03468000777
03339271811
03138745051
03229130988
03339977306
03459163386
03077490963
03159046477
03435352510
03219043401
03369990938
03329947604
03249391859
03339170769
03339999767
03339170769
03229092152
03339170769
03339285692
03179704148
03005724086
03219184480
03369017834
03489126040
03451234545
03005661834
03219145333
03209122199
03109027375
03121999389
03329228123
03365712339
03009344900
03459161775
03339106665
03366525556
03339131668
03159153298
03347233398
03481083291
03109791760
03132277979
03149003773
03369174562
03369174562
03348321403
03339172879
03339409770
03139700097
03339839842
03009830916
03453033334
03349176604
03358315033
03459417087
03329331922
03329256258
03339256258
03139698484
03465585555
03459160619
03339044442
03005951101
03005951101
03005951101
03315650123
03336746797
03455555056, 03341922753
03339200995
03149971965
03018792762
03459305348
03339126139
03356888333
03125007023
03455255310
03329082005
03156569405
03419003969
03149294298
03219065155
03349243642
03138581818
03311400001
03459115033
03005852854
03352674770
03333808014
03339224059
03335939325
03125316777
03469149520
03339346669
03459000038
03349229550
03333011415
03339126524
03329469545
03438515939
03321577326
03219041958
03339265074
03102878895
03005988506
03329305655
03345347341
03329057378
03144410190
03005859760
03349183822
03355521706
03138771101
03369377703
03319126350
03459152781
03339735835
03339310520
03005952740
03459238789
03359089043
03355709598
03411908999
03339850881
03169624417
03139832034
03330425689
03005944055
03009346024
03005954904
03339229224
03219009933
03149042028
03129244051
03339118718
03159112354
03339192150
03219133472
03152424225
03009325441
03339319321
03135684190
03139995051
03130190503
03349910981
03339728169
03459117115
03489247585
03219029596
03219156692
03133388831
03135333538
03329444398
03315904260
03015940227, 03102877707
03219080708
03339217348
03339207214
03149063254
03139849250
03009001047
03159191049
03431962076
03139800656
03339337582
03319247650
03139529211
03346452167
03431962076
03459052296
03139646150
03339163382
03469113690
03005741817
03329104122
03349038848
03339163382
03229193515
03111927657
03009594744
03456902329
03005891995
03459073327
03005921534
03028090305
03459220111
03339296960
03335848368
03319037778
03340806060
03329278633
03009010538
03009018672
03339374704
03469221296
03469197097, 03369000039
03139529574, 03488086187
03139691515
03159224702
03329342727
03339036364
03469155916
03009598021
03334308118
03425668708
03110000005
03009339307
03365866566
03005940920
03429720308
03351918958
03459000038
03119383838
03159956018
03144043152
03029628280
03219077407
03349933306
03068908969
03149099483
03335994944
03219131818, 03329107400
03458531855
03458531855
03329311985
03139177872
03119886865
03209048183
03115544220
03369368508
03149011811
03149803341
03145552861
03009390809
03315951733
03139380802
03119383838
03329228680
03339101530
03329075079
03459072798
03142007436
03152277255
03339292146
03339292146
03469036466
03319796584
03159178555
03119501361
03369077412
03152953877
03339379321
03239268288
03449240884
03355509287
03005844427
03472634680
03369161625
03328889955
03018821179
03339063182
03369243668
03005972597
03339530725
03346398530
03339125900
03005883730
03339169610
03015921134
03359742899
03167060580
03219017676
03129862615
03055825888
03005912029
03360909243
03119195605
03452700800
03219006116
03330227228
03339014356
03419030951
03449826481
03144083030
03129112250
03129112250
03159659056
03005476661
03028825405
03466276495
03002903319
03336823933, 03465515772
03339247461
03139837229
03459004063
03339101076
03329959065
03488988221
03481195956
03338827786
03488997155
03119996516
03003161900
03005845900
03130003731
03349035685, 3333919992
03459057745
03345151477
03451000064
03100992897
03139703161
03459004114
03339113677
03003161900
03005880701
03335050321
03009592713
03312754242
03468592359
03339240777
03450064000
03429636465
03329007176
03333173746
03128132613
03311066559
03459155760
03339018376
03479109992
03329498692
03324442677
03324442677
03324442677
03324442677
03129808085
03126868051
03059536218
03169800945
03129992303
03334860764
03065959595
03339053550
03339053550
03200243884
03339112328
03335038484
03469033814
03139610084
03317772444
03005940051
03005940051
03468595620
03339582429
03329123283
03339103006
03329404747
03339251926
03239508080
03135551005
03333396543
03179513033
03469038606
03469744720
03339555857
03339117480
03005925593
03005951101
03339985800
03339985800
03339985800
03129136256
03129336256
03160506830
03439015251
03409121209
03131939433
03339298241
03229122719
03469190462
03369696419
03047770004
03333370505
03149119792
03119034935
03159852830
03339709223
03489460077
03333337374
03088779625
03348255115
03333331430
03339207182
03148016094
03429047794
03342111128
03338889636
03149001260
03329910684
03169595939
03489460077
03557189461
03355505802
03369802208
03449097585
03049157252
03319269977
03453351583
03151121832
03456786863
03339217299
03355880369, 03005939388
03015999941
03159630225
03349102594
03466464641
03459132261
03330566975
03459712712
03005975531
03334949328
03150533882
03215851472
03329308240
03039012505
03139501822
03349434618
03339545441
03347278743
03018553309
03339445164
03109003330
03339125152
03340958358
03005864866
03459108226
03459355506
03149131169
03334047710
03339350754
03149027469
03455278856
03369728009
03361313530, 03159041379
03135688442
03329471967
03149718485
03362020896
03166666631
03159596567
03005951101
03341000383
03015901817
03459037932
03348941055
03349188131
03009103006
03350900119
03365346823
03009322229
03339621556
03333843330
03129109199
03005221475
03444547187
03365354040
03339394667
03469002477
03009597374
03349090545
03161936294
03329227673
03155970469
03159959913
03337347122
03353535241
03339115439
03009126496
03339338738
03219106749
03119001046
03339116670
03135979559
03338757599
03229071120
03333333208
03459062937
03339944256
03346196161
03159163978
03451000064
03348848840
03005904950
03018877744
03459027175
03139759993, 03469693742
03219048415
03459055311
03359092804
03009042255
03359985411
03339404578
03328999945
03139991469
03349143192
03005980506
03005936118
03025519977
03169636804
03339977766
03348313843
03218598880
03219107707
03317070344
03459309424
03459309424
03328995589
03339717157
03369123947
03008585846
03472791911
03209090548
03349186454
03345456645
03135318361
03459232523
03178333287
03339171339
03134908080
03456266521
03339899888
03315478623
03459505554
03229696467
03005959800
03125234567
03139590975
03113128485
03068090704, 03339108889
03005901908
03455263739
03339147127
03349026233
03469195707
03219090138
03429051843
03459108092
03009020887
03459220897
03310933503
03005940550
03005940550
03005940550
03005940550
03125500003
03068904474
03428002320
03339325120
03239522963
03318159915
03005964990
03219075844
03139135101
03136664463
03459092906
03219045671
03339888924
03457360888
03321950025
03365368931, 03339103082
03465650005, 03130002227
03133833833
03139007268
03321650025
03339144903
03469207902
03134374367
03149131111
03130195295
03351917741
03465444437
03109499861
03169636804
03469376835
03459118996
03149730336, 03159047567
03339317360
03169261035
03159085766
03339225040
03335266749
03126386767
03449879588
03169261035
03429319492
03459405603
03339148297
03005956825
03318718786
03331357788
03335209820
03329176739
03339245462
03466701000
03322972323
03009821072
03009399293
03009399293
03009399293
03359169191
03329228123
03335672716
03169268539, 03469168848
03229065161
03005952322
03009594744
03009594744
03149052692
03005867107
03339116074
03138008025
03219010803
03158550314, 03424869996
03325832376
03455888828
03459033989
03005959092
03169695970
03139354028
03369275764, 03319117557
03339595234
03439990081
03489229040
03459425255
03000911380
03119197258
03119040090
03339343874
03339169768
03459710097
03339766899
03333361111
03460391004
03339136599
03040885694
03005939490
03349066313
03005975830
03146060761
03339205976
03128154154
03005880701
03459130799, 03339133138
03459084156
03336161123
03005880701
03459084156
03159959913
03363628673
03339337648
03159959913, 03018877744
03169966787
03339196055
03245016668
03339168233
03028568492
03339302887
03125850300
03341002029
03459107870
03459107870
03339111854
03005845900
03469000030
03356888333
03005980506
03005972332
03018586555
03338882200
03125850300
03005940550
03339723580
03339779441
03339779441
03339779441
03339779441
03339779441
03318585802
03008599664
03369183357
03018993399
03369156245
03339216149
03215905757
03328593111
03328593111
03328593111
03328593111
03328593111
03328593111
03328593111
03315718067
03459070789
03445755534
03009026507
03335777589
03025992892
03429044219
03459070789
03459070789
03439844204
03219003033
03129132424
03169930337
03169930337
03459104035
03431469642
03459095188
03339234219
03005969641
03475252712
03339696960
03469194535
03455178229
03469077473
03485016564
03158786000
03339006009
03005745758
03005745758
03169930337
03134886622
03005951300
03052395396
03005940550
03005940550
03005940550
03005940550
03338166363
03439756664
03005999826
03339398344
03468002400, 03325398404
03333352333
03468002400, 03325398404
03339332788
03136161490
03369886767
03334949317
03008007868
03339199708
03018929001
03009594744
03009594744
03329066664
03335666422
03339504242
03369107796
03339118692
03339208667
03339414961
03360062007
03008007868
03348763286
03349966684
03339042233
03009594744
03219011233
03485016564
03369045979
03130005663
03492635934
03245016668
03362020896
03018993399
03129115789
03339400454
03149170070
03339118692
03339219294
03335999414
03331212727
03365928208, 03458570695
03249820737
03445755534
03005961469
03334782978
03355060432
03215123444
03215123444
03139810583
03158585018
03119997615
03455006384
03449880444
03465568063, 03366691868
03369081691
03341105571
03341105571
03339100015
03349448411
03009707503
03129132424
03028825405
03339660996
03175004612
03339241835
03339241835
03339241835
03339241835
03339241835
03339241835
03339241835
03005980506
03326377878
03339106866
03339106866
03339106866
03009000093
03339146741
03139636667
03469194535
03139643544
03130004863
03005993818
03339332481
03368420304
03339113677
03139934942
03339332311
03417772767
03339332311
03339332311
03339241835
03159836508
03339241835
03339241835
03329236121
03139795839
03155192606
03348896093
03025776060
03325227520
03345289712
03005880004
03005951101
03339130959
03339344567
03469194535
03339992942
03339130786
03005939940
03105113573
03159611872
03339850881
03472724472
03005980506
03339999978
03009595049, 03359595049
03339132527
03339130786
03212695600
03159363875
03472724472
03339292496
03005843050
03449165678
03459084156
03339116074
03429049895
03005940550
03219737398
03339993323
03469811262
03459001134
03359197995
03339165616
03338020020
03005940550
03005989245
03219052860
03005940550
03339123515
03339993474
03105113573
03005951300
03219048415
03459216718
03346398530
03339619043
03335383621
03085979830
03159852830
03233439784
03339132527
03459084156
03459084156
03459084156
03219737398
03349515197
03343769407
03009767710
03005822881
03464344446
03212602743
03005702321
03005940550
03005940550
03339985800
03339985800
03009178692
03339999878
03005980506
03339176646
03134886622
03005942355
03328765293
03339144189
03455353553
03008590688, 03018551558
03429049895
03359963497
03349129074
03349737979
03469066479
03169729564
03339985800
03339985800
03005843050
03459778772
03219011233
03355767091
03015979379
03219060062
03339106866
03339106866
03229005933
03138181760
03149670707
03009591793
03339128263
03353535241
03169541125
03105113573
03105593054
03333361111
03005928823
03005956463
03209010009
03005951101
03005951101
03005951101
03005951101
03005951101
03111881210
03219737398
03105903939
03341997964
03222133339
03325671414
03005951101
03219737398
03005951101
03005951101
03341105571
03005951101
03005951101
03005951101
03005951101
03005951101
